year DOY HR MN      v     d      beta     ma 
2018  75  0  0   482.8   4.80   1.47   9.4
2018  75  0  1   477.3   5.13   1.68   9.7
2018  75  0  2   478.6   5.09   1.67   9.7
2018  75  0  3   480.8   5.04   1.55   9.6
2018  75  0  4   470.2   5.57   1.77   9.9
2018  75  0  5   482.1   5.24   1.78  10.2
2018  75  0  6 99999.9 999.99 999.99 999.9
2018  75  0  7 99999.9 999.99 999.99 999.9
2018  75  0  8   492.1   3.21   0.81   8.2
2018  75  0  9   492.1   3.21   0.80   8.1
2018  75  0 10   492.1   3.21   0.78   8.0
2018  75  0 11   467.3   6.92   1.64  10.9
2018  75  0 12   467.3   6.92   1.59  10.7
2018  75  0 13   464.7   4.56   1.30   8.6
2018  75  0 14   464.7   4.56   1.31   8.6
2018  75  0 15 99999.9 999.99 999.99 999.9
2018  75  0 16   464.0   4.61   1.40   8.7
2018  75  0 17   464.0   4.61   1.39   8.6
2018  75  0 18   466.2   5.35   1.66   9.4
2018  75  0 19   466.9   5.31   1.68   9.4
2018  75  0 20   471.4   5.28   1.83   9.6
2018  75  0 21   473.8   5.55   1.94   9.8
2018  75  0 22   473.8   5.55   1.92   9.8
2018  75  0 23 99999.9 999.99 999.99 999.9
2018  75  0 24   465.1   5.57   1.75   9.6
2018  75  0 25   465.6   5.48   1.75   9.6
2018  75  0 26   470.7   4.76   1.50   9.2
2018  75  0 27   471.7   4.98   1.51   9.5
2018  75  0 28 99999.9 999.99 999.99 999.9
2018  75  0 29   470.9   5.38   1.73   9.9
2018  75  0 30   471.9   5.32   1.83  10.0
2018  75  0 31   474.3   5.16   1.96  10.1
2018  75  0 32 99999.9 999.99 999.99 999.9
2018  75  0 33 99999.9 999.99 999.99 999.9
2018  75  0 34   475.7   4.85   1.62   9.7
2018  75  0 35   475.7   4.85   1.65   9.8
2018  75  0 36 99999.9 999.99 999.99 999.9
2018  75  0 37   460.4   5.85   2.75  10.9
2018  75  0 38   467.2   5.44   2.47  10.7
2018  75  0 39   474.3   5.20   2.21  10.6
2018  75  0 40   474.8   5.31   2.19  10.6
2018  75  0 41   474.0   4.98   1.89  10.0
2018  75  0 42   474.0   4.98   1.93  10.1
2018  75  0 43   476.5   5.44   2.08  10.5
2018  75  0 44   479.1   5.23   1.94  10.4
2018  75  0 45   480.6   5.11   1.88  10.4
2018  75  0 46   469.9   5.76   2.35  10.7
2018  75  0 47   470.4   5.49   2.26  10.8
2018  75  0 48   475.6   5.41   2.25  11.0
2018  75  0 49   470.8   5.39   2.12  10.5
2018  75  0 50   468.1   5.34   1.99  10.1
2018  75  0 51 99999.9 999.99 999.99 999.9
2018  75  0 52 99999.9 999.99 999.99 999.9
2018  75  0 53 99999.9 999.99 999.99 999.9
2018  75  0 54   477.1   5.77   2.52  11.4
2018  75  0 55   477.1   5.77   2.47  11.3
2018  75  0 56   470.3   6.14   2.86  11.6
2018  75  0 57   484.0   5.12   2.05  11.1
2018  75  0 58   490.8   4.62   1.57  10.3
2018  75  0 59   493.3   4.39   1.21   9.8
2018  75  1  0   493.0   4.43   1.14   9.5
2018  75  1  1   489.6   4.85   1.21   9.5
2018  75  1  2   491.4   4.61   1.14   9.0
2018  75  1  3   492.8   4.43   1.25   9.3
2018  75  1  4   492.8   4.43   1.12   8.9
2018  75  1  5   488.4   4.13   1.04   8.6
2018  75  1  6   488.4   4.22   1.26   9.4
2018  75  1  7   488.2   5.31   1.79  10.6
2018  75  1  8   488.2   5.31   1.76  10.5
2018  75  1  9   485.3   5.16   1.61   9.9
2018  75  1 10   485.3   5.16   1.59   9.9
2018  75  1 11   483.7   5.15   1.43   9.9
2018  75  1 12   483.6   5.15   1.31   9.5
2018  75  1 13   484.8   5.44   1.52   9.9
2018  75  1 14   486.3   5.78   1.77  10.3
2018  75  1 15   486.3   5.78   1.72  10.1
2018  75  1 16   477.2   5.68   1.69   9.9
2018  75  1 17   477.2   5.68   1.64   9.7
2018  75  1 18   480.3   5.25   1.33   9.4
2018  75  1 19   480.4   5.24   1.34   9.4
2018  75  1 20 99999.9 999.99 999.99 999.9
2018  75  1 21   482.7   4.99   1.28   9.0
2018  75  1 22   482.5   4.92   1.20   8.7
2018  75  1 23   482.3   4.85   1.14   8.6
2018  75  1 24   483.6   5.23   1.31   9.1
2018  75  1 25   482.8   5.28   1.37   9.1
2018  75  1 26   486.0   5.54   1.39   9.2
2018  75  1 27   487.9   5.65   1.45   9.4
2018  75  1 28   488.4   5.97   1.39   9.1
2018  75  1 29   474.8   5.30   1.18   8.1
2018  75  1 30   475.4   5.04   1.13   8.1
2018  75  1 31   480.8   4.90   1.10   8.2
2018  75  1 32 99999.9 999.99 999.99 999.9
2018  75  1 33   476.4   4.43   0.97   7.7
2018  75  1 34   476.4   4.43   0.95   7.7
2018  75  1 35   475.1   4.48   0.92   7.5
2018  75  1 36   475.1   4.54   0.94   7.6
2018  75  1 37   475.1   4.99   1.12   8.4
2018  75  1 38   474.3   5.07   1.11   8.4
2018  75  1 39   472.0   5.37   1.13   8.4
2018  75  1 40   472.3   5.19   1.08   8.2
2018  75  1 41   472.5   5.10   1.08   8.1
2018  75  1 42   472.7   5.81   1.39   8.8
2018  75  1 43   472.7   5.82   1.31   8.5
2018  75  1 44   470.2   4.94   1.11   8.1
2018  75  1 45   470.2   5.04   1.10   8.1
2018  75  1 46   470.6   5.46   1.00   7.9
2018  75  1 47   474.5   6.44   1.65   9.4
2018  75  1 48   475.0   6.57   1.87  10.0
2018  75  1 49   472.9   5.74   1.43   9.0
2018  75  1 50   473.1   5.81   1.69   9.8
2018  75  1 51   476.0   7.16   2.09  10.0
2018  75  1 52   480.8   5.71   1.36   9.0
2018  75  1 53   481.7   5.44   1.33   9.1
2018  75  1 54   479.8   5.82   1.47   9.2
2018  75  1 55   482.2   5.86   1.57   9.6
2018  75  1 56   484.2   5.89   1.60   9.8
2018  75  1 57   482.3   5.70   1.63   9.9
2018  75  1 58   482.3   5.70   1.77  10.3
2018  75  1 59 99999.9 999.99 999.99 999.9
2018  75  2  0 99999.9 999.99 999.99 999.9
2018  75  2  1   485.9   6.01   1.93  10.5
2018  75  2  2   487.9   5.94   1.97  10.7
2018  75  2  3   488.4   5.92   1.94  10.7
2018  75  2  4   487.6   5.94   1.99  10.9
2018  75  2  5   486.1   5.91   2.03  10.9
2018  75  2  6   486.0   5.91   1.84  10.4
2018  75  2  7   481.0   5.20   1.40   9.5
2018  75  2  8   482.8   5.45   1.41   9.5
2018  75  2  9   487.5   6.13   1.47   9.6
2018  75  2 10   482.2   5.28   1.10   8.7
2018  75  2 11   482.2   5.28   1.17   8.9
2018  75  2 12   476.7   5.41   1.20   8.9
2018  75  2 13   476.8   5.69   1.35   9.2
2018  75  2 14   478.6   6.28   1.47   9.3
2018  75  2 15   477.9   5.32   1.11   8.6
2018  75  2 16   477.9   5.32   1.14   8.7
2018  75  2 17   479.5   5.47   1.37   9.1
2018  75  2 18   479.2   5.49   1.41   9.3
2018  75  2 19   476.3   5.63   1.44   9.4
2018  75  2 20   478.8   5.17   1.14   8.6
2018  75  2 21   479.8   5.00   1.07   8.4
2018  75  2 22 99999.9 999.99 999.99 999.9
2018  75  2 23 99999.9 999.99 999.99 999.9
2018  75  2 24   476.1   5.80   1.75  10.0
2018  75  2 25   474.9   5.83   1.80  10.1
2018  75  2 26   473.1   4.97   1.34   9.2
2018  75  2 27   473.1   4.96   1.38   9.4
2018  75  2 28   473.1   4.96   1.42   9.5
2018  75  2 29   465.4   5.75   1.82   9.9
2018  75  2 30   465.5   5.75   1.59   9.3
2018  75  2 31   480.3   5.10   1.13   8.8
2018  75  2 32   481.9   4.80   0.92   8.1
2018  75  2 33   482.8   4.62   0.86   8.0
2018  75  2 34   483.1   5.36   1.25   9.2
2018  75  2 35   483.1   5.36   1.26   9.2
2018  75  2 36   478.8   4.89   1.13   8.2
2018  75  2 37   477.6   4.69   0.86   7.5
2018  75  2 38   475.6   4.45   0.77   7.4
2018  75  2 39   477.0   4.51   0.76   7.4
2018  75  2 40   479.4   4.60   0.78   7.5
2018  75  2 41   484.0   4.46   0.74   7.4
2018  75  2 42   484.4   4.45   0.75   7.5
2018  75  2 43   477.6   4.58   0.76   7.4
2018  75  2 44   479.6   4.78   0.82   7.7
2018  75  2 45   482.4   5.06   0.88   7.9
2018  75  2 46   478.5   4.87   0.83   7.7
2018  75  2 47   478.5   4.87   0.82   7.7
2018  75  2 48   478.2   4.98   0.87   7.9
2018  75  2 49   480.6   5.00   0.91   8.0
2018  75  2 50   484.1   5.00   0.91   8.0
2018  75  2 51   489.6   6.13   1.30   9.2
2018  75  2 52   487.7   5.25   1.00   8.4
2018  75  2 53   487.0   4.90   0.89   8.0
2018  75  2 54 99999.9 999.99 999.99 999.9
2018  75  2 55   475.6   4.82   0.76   7.4
2018  75  2 56   475.0   4.97   0.82   7.6
2018  75  2 57   474.6   5.05   0.86   7.7
2018  75  2 58   477.4   5.27   0.89   7.8
2018  75  2 59   487.3   4.91   0.83   7.7
2018  75  3  0   489.6   4.85   0.91   8.1
2018  75  3  1   489.5   5.03   1.09   8.4
2018  75  3  2   486.9   4.80   0.80   7.6
2018  75  3  3   485.8   5.00   0.87   7.8
2018  75  3  4   484.8   5.22   0.97   8.1
2018  75  3  5   478.5   5.68   0.98   8.2
2018  75  3  6   478.5   5.68   0.97   8.2
2018  75  3  7   465.6   5.34   1.01   7.7
2018  75  3  8   465.6   5.34   0.98   7.6
2018  75  3  9   473.0   5.14   0.84   7.5
2018  75  3 10   475.3   5.25   0.88   7.7
2018  75  3 11   476.4   4.89   0.79   7.3
2018  75  3 12   476.5   4.83   0.80   7.3
2018  75  3 13   475.8   4.87   0.83   7.3
2018  75  3 14   474.8   5.00   0.81   7.3
2018  75  3 15   473.9   5.11   0.84   7.4
2018  75  3 16   473.4   5.55   1.00   7.7
2018  75  3 17   473.3   5.53   0.90   7.3
2018  75  3 18   472.0   5.12   0.92   7.3
2018  75  3 19   474.9   5.56   1.03   7.7
2018  75  3 20   475.4   5.64   1.05   7.7
2018  75  3 21   471.2   5.14   0.91   7.3
2018  75  3 22   471.2   5.14   0.89   7.2
2018  75  3 23   468.2   4.55   0.80   6.9
2018  75  3 24   468.2   4.55   0.85   7.1
2018  75  3 25   473.0   4.12   0.63   6.4
2018  75  3 26   473.5   4.11   0.64   6.5
2018  75  3 27   467.8   4.85   0.90   7.0
2018  75  3 28   468.5   4.42   0.73   6.6
2018  75  3 29   468.6   4.37   0.67   6.4
2018  75  3 30   468.4   4.76   0.83   6.9
2018  75  3 31   468.6   4.92   0.88   7.2
2018  75  3 32   468.9   5.15   0.96   7.6
2018  75  3 33   468.8   5.05   1.00   7.6
2018  75  3 34   470.4   5.36   1.05   8.0
2018  75  3 35   471.5   5.62   1.06   8.2
2018  75  3 36   470.3   5.83   1.23   8.6
2018  75  3 37   474.2   5.67   1.12   8.5
2018  75  3 38   474.8   5.66   1.10   8.3
2018  75  3 39   476.5   5.66   1.30   8.9
2018  75  3 40   476.5   5.66   1.33   9.1
2018  75  3 41   479.9   5.73   1.26   9.0
2018  75  3 42   480.1   5.40   1.06   8.5
2018  75  3 43   481.5   5.08   1.02   8.5
2018  75  3 44   484.6   5.99   1.31   9.2
2018  75  3 45   482.6   5.12   1.05   8.2
2018  75  3 46   478.9   5.40   1.03   8.2
2018  75  3 47   474.8   5.73   0.92   7.9
2018  75  3 48   474.8   5.73   0.92   7.9
2018  75  3 49   464.4   5.57   1.07   7.6
2018  75  3 50   465.0   5.51   1.06   7.5
2018  75  3 51   465.6   5.44   1.29   8.2
2018  75  3 52   479.4   4.98   1.04   8.2
2018  75  3 53   472.8   5.43   1.26   8.5
2018  75  3 54   476.3   5.28   1.26   8.7
2018  75  3 55   479.1   4.99   1.10   8.5
2018  75  3 56   479.0   4.94   1.10   8.6
2018  75  3 57 99999.9 999.99 999.99 999.9
2018  75  3 58 99999.9 999.99 999.99 999.9
2018  75  3 59   474.1   5.20   1.40   9.3
2018  75  4  0   470.5   5.57   1.28   8.6
2018  75  4  1   478.0   5.40   1.24   8.9
2018  75  4  2   478.9   5.34   1.14   8.7
2018  75  4  3   480.5   4.95   0.97   8.1
2018  75  4  4   480.5   4.95   1.03   8.3
2018  75  4  5   470.9   5.04   1.12   8.3
2018  75  4  6   470.9   5.04   1.07   8.1
2018  75  4  7   471.5   5.36   1.13   8.2
2018  75  4  8   470.1   5.29   1.28   8.7
2018  75  4  9   468.6   5.18   1.07   7.9
2018  75  4 10   470.9   4.77   0.96   7.8
2018  75  4 11   474.9   4.60   0.96   7.7
2018  75  4 12   475.5   4.57   0.94   7.6
2018  75  4 13   470.3   4.59   0.95   7.6
2018  75  4 14   469.1   4.59   0.99   7.8
2018  75  4 15   465.5   4.81   1.02   8.0
2018  75  4 16   470.0   5.76   1.50   9.5
2018  75  4 17   470.1   5.79   1.48   9.4
2018  75  4 18   464.1   6.12   1.65   9.6
2018  75  4 19   466.5   6.02   1.68   9.7
2018  75  4 20   467.4   5.95   1.31   8.6
2018  75  4 21   467.7   5.91   1.17   8.2
2018  75  4 22   474.7   5.07   1.09   8.8
2018  75  4 23   474.8   5.10   1.25   9.4
2018  75  4 24   475.5   5.40   1.32   9.2
2018  75  4 25   470.1   5.13   1.18   8.7
2018  75  4 26   466.7   4.96   1.00   7.9
2018  75  4 27   466.3   4.82   1.20   8.1
2018  75  4 28   465.5   5.57   1.42   8.9
2018  75  4 29   464.9   6.10   1.46   9.2
2018  75  4 30   465.5   5.68   1.45   9.0
2018  75  4 31   465.5   5.67   1.23   8.3
2018  75  4 32   467.6   5.07   0.98   8.0
2018  75  4 33   469.1   5.34   1.09   8.4
2018  75  4 34   469.9   5.49   1.07   8.3
2018  75  4 35   464.5   5.65   1.28   8.4
2018  75  4 36   470.3   5.41   1.10   8.2
2018  75  4 37   467.6   5.64   1.08   8.1
2018  75  4 38   467.6   5.64   1.13   8.3
2018  75  4 39 99999.9 999.99 999.99 999.9
2018  75  4 40   467.7   5.45   1.02   8.1
2018  75  4 41   467.7   5.45   0.99   8.0
2018  75  4 42   471.0   4.89   0.89   7.8
2018  75  4 43   471.0   4.89   0.89   7.8
2018  75  4 44   470.6   5.34   1.24   8.0
2018  75  4 45   470.0   5.35   1.26   8.1
2018  75  4 46   471.5   5.10   0.92   7.3
2018  75  4 47   475.1   4.80   0.80   7.2
2018  75  4 48   471.2   5.50   1.10   7.7
2018  75  4 49   470.7   5.39   1.02   7.5
2018  75  4 50   471.1   4.88   0.81   7.2
2018  75  4 51   469.1   4.77   0.79   7.0
2018  75  4 52   470.4   4.88   0.97   7.7
2018  75  4 53   480.6   5.70   1.44   8.7
2018  75  4 54   481.9   5.84   1.52   8.8
2018  75  4 55   482.0   5.85   1.48   8.7
2018  75  4 56 99999.9 999.99 999.99 999.9
2018  75  4 57   478.5   5.35   1.41   8.2
2018  75  4 58   480.8   5.40   1.48   8.5
2018  75  4 59   483.2   5.46   1.45   8.5
2018  75  5  0   480.5   6.01   1.57   8.8
2018  75  5  1   480.5   6.01   1.55   8.8
2018  75  5  2   480.8   5.85   1.52   8.7
2018  75  5  3   481.7   5.32   1.42   8.5
2018  75  5  4   478.4   5.88   1.64   8.9
2018  75  5  5   477.6   6.05   1.68   8.9
2018  75  5  6   481.5   6.06   1.67   9.0
2018  75  5  7   481.5   6.06   1.71   9.1
2018  75  5  8   476.0   6.40   1.94   9.2
2018  75  5  9   476.0   6.40   1.94   9.2
2018  75  5 10   486.6   5.50   1.50   8.8
2018  75  5 11   486.6   5.50   1.52   8.9
2018  75  5 12   484.6   5.86   1.65   9.1
2018  75  5 13   483.7   6.03   1.71   9.2
2018  75  5 14   484.1   5.74   1.49   8.8
2018  75  5 15   484.1   5.74   1.47   8.8
2018  75  5 16 99999.9 999.99 999.99 999.9
2018  75  5 17   479.4   5.78   1.57   8.6
2018  75  5 18   479.5   5.78   1.57   8.7
2018  75  5 19 99999.9 999.99 999.99 999.9
2018  75  5 20   478.6   5.96   1.49   8.8
2018  75  5 21   478.7   5.96   1.48   8.8
2018  75  5 22   480.9   6.05   1.48   8.8
2018  75  5 23   477.8   5.80   1.30   8.4
2018  75  5 24   479.3   5.96   1.42   8.8
2018  75  5 25   478.5   5.99   1.63   8.8
2018  75  5 26   477.8   6.00   1.69   8.6
2018  75  5 27   473.4   5.87   1.54   8.5
2018  75  5 28   474.2   5.76   1.50   8.4
2018  75  5 29   477.4   5.26   1.23   8.0
2018  75  5 30   477.4   5.26   1.24   8.1
2018  75  5 31   481.6   5.45   1.38   8.5
2018  75  5 32   481.6   5.43   1.44   8.5
2018  75  5 33   479.7   5.61   1.55   8.6
2018  75  5 34   476.7   5.95   1.64   8.8
2018  75  5 35   478.7   5.97   1.51   8.9
2018  75  5 36   478.8   5.95   1.51   8.9
2018  75  5 37   479.8   5.69   1.50   8.8
2018  75  5 38   480.3   5.72   1.54   8.8
2018  75  5 39   480.5   5.76   1.57   8.9
2018  75  5 40   478.8   5.81   1.67   9.0
2018  75  5 41   477.0   6.04   1.78   9.1
2018  75  5 42   475.7   6.22   1.84   9.1
2018  75  5 43   477.3   5.86   1.63   9.1
2018  75  5 44   476.7   5.84   1.66   9.1
2018  75  5 45   475.1   5.78   1.74   9.0
2018  75  5 46   479.4   5.66   1.81   9.1
2018  75  5 47   479.4   5.66   1.79   9.0
2018  75  5 48   473.6   5.42   1.69   8.6
2018  75  5 49   473.7   5.49   1.61   8.6
2018  75  5 50   471.3   5.54   1.81   9.0
2018  75  5 51   470.6   5.54   1.84   8.9
2018  75  5 52 99999.9 999.99 999.99 999.9
2018  75  5 53   471.5   5.32   1.65   8.6
2018  75  5 54   470.9   5.77   1.90   9.1
2018  75  5 55   473.0   5.86   2.03   9.4
2018  75  5 56   471.3   6.13   2.13   9.5
2018  75  5 57   474.8   5.83   1.79   9.2
2018  75  5 58   472.5   5.81   1.76   9.2
2018  75  5 59   472.5   5.74   1.71   9.1
2018  75  6  0   472.7   5.69   1.69   9.1
2018  75  6  1 99999.9 999.99 999.99 999.9
2018  75  6  2 99999.9 999.99 999.99 999.9
2018  75  6  3   475.5   5.40   1.53   8.9
2018  75  6  4   475.5   5.40   1.55   8.9
2018  75  6  5   479.7   5.37   1.42   9.0
2018  75  6  6   479.7   5.37   1.45   9.1
2018  75  6  7 99999.9 999.99 999.99 999.9
2018  75  6  8 99999.9 999.99 999.99 999.9
2018  75  6  9   473.2   5.54   1.58   9.1
2018  75  6 10   474.7   5.50   1.41   8.6
2018  75  6 11   478.8   5.38   1.32   8.5
2018  75  6 12   478.8   5.15   1.24   8.3
2018  75  6 13   479.0   5.14   1.21   8.2
2018  75  6 14   480.4   5.07   1.15   8.0
2018  75  6 15   478.7   5.16   1.27   8.2
2018  75  6 16   478.7   5.15   1.29   8.3
2018  75  6 17   481.1   4.84   1.08   7.9
2018  75  6 18   481.1   4.84   1.10   8.0
2018  75  6 19   477.5   5.06   1.23   8.1
2018  75  6 20   476.6   5.26   1.37   8.6
2018  75  6 21   480.0   5.15   1.24   8.0
2018  75  6 22   481.9   5.02   1.21   7.9
2018  75  6 23   481.9   4.63   1.03   7.7
2018  75  6 24   481.9   4.63   1.11   8.0
2018  75  6 25 99999.9 999.99 999.99 999.9
2018  75  6 26 99999.9 999.99 999.99 999.9
2018  75  6 27 99999.9 999.99 999.99 999.9
2018  75  6 28   472.9   5.37   1.37   8.3
2018  75  6 29   472.9   5.37   1.37   8.3
2018  75  6 30 99999.9 999.99 999.99 999.9
2018  75  6 31 99999.9 999.99 999.99 999.9
2018  75  6 32   481.0   5.00   1.30   8.6
2018  75  6 33   481.0   5.00   1.25   8.5
2018  75  6 34   482.1   4.37   0.95   7.6
2018  75  6 35   482.1   4.37   1.02   7.8
2018  75  6 36   479.4   4.66   1.16   8.2
2018  75  6 37   479.4   4.66   1.20   8.3
2018  75  6 38 99999.9 999.99 999.99 999.9
2018  75  6 39   479.3   4.70   1.23   8.0
2018  75  6 40   479.3   4.70   1.22   7.9
2018  75  6 41   473.5   4.93   1.30   8.1
2018  75  6 42   473.2   4.79   1.24   8.0
2018  75  6 43   470.7   4.86   1.35   8.3
2018  75  6 44   465.2   5.16   1.54   8.7
2018  75  6 45   469.2   4.89   1.47   8.4
2018  75  6 46   469.4   4.87   1.47   8.4
2018  75  6 47 99999.9 999.99 999.99 999.9
2018  75  6 48   470.1   5.03   1.52   9.1
2018  75  6 49   470.2   5.03   1.60   9.3
2018  75  6 50   486.2   4.85   1.37   8.7
2018  75  6 51   488.8   4.78   1.38   8.8
2018  75  6 52   484.7   5.03   1.53   8.9
2018  75  6 53   477.8   5.35   1.78   9.2
2018  75  6 54   492.1   4.64   1.25   8.5
2018  75  6 55   486.2   4.75   1.50   9.2
2018  75  6 56   486.2   4.75   1.44   9.0
2018  75  6 57   480.7   5.29   1.73   9.3
2018  75  6 58   480.7   5.29   1.71   9.2
2018  75  6 59   476.0   5.03   1.49   8.6
2018  75  7  0   477.8   5.03   1.55   8.8
2018  75  7  1   483.0   5.05   1.31   8.3
2018  75  7  2   484.0   4.66   1.25   8.3
2018  75  7  3   490.0   4.59   1.15   8.2
2018  75  7  4   498.0   4.51   1.06   8.3
2018  75  7  5   491.7   4.76   1.08   8.3
2018  75  7  6   489.8   4.74   1.07   7.9
2018  75  7  7   489.6   4.74   1.09   7.9
2018  75  7  8   490.0   4.94   1.08   8.1
2018  75  7  9   490.0   4.94   1.07   8.1
2018  75  7 10   491.4   5.09   1.24   8.0
2018  75  7 11   490.5   5.05   1.19   7.9
2018  75  7 12   488.0   4.94   1.15   8.0
2018  75  7 13   488.7   4.88   1.33   8.3
2018  75  7 14   488.6   4.89   1.34   8.3
2018  75  7 15   481.9   5.18   1.42   8.4
2018  75  7 16   488.3   4.90   1.15   8.1
2018  75  7 17   488.4   4.92   1.19   8.1
2018  75  7 18   486.6   5.03   1.29   8.1
2018  75  7 19   486.6   5.03   1.28   8.0
2018  75  7 20   488.7   4.61   1.04   7.6
2018  75  7 21   488.8   4.60   1.02   7.5
2018  75  7 22   490.3   4.41   0.93   7.4
2018  75  7 23   491.0   4.56   1.02   7.6
2018  75  7 24   494.6   4.84   1.09   7.8
2018  75  7 25   494.2   4.67   0.98   7.5
2018  75  7 26   493.5   4.57   0.94   7.4
2018  75  7 27   486.1   4.73   0.94   7.4
2018  75  7 28   486.1   4.73   0.95   7.5
2018  75  7 29   486.1   4.73   0.94   7.4
2018  75  7 30   476.2   5.44   1.38   7.8
2018  75  7 31   476.2   5.44   1.37   7.8
2018  75  7 32   485.6   4.68   1.05   7.4
2018  75  7 33   486.4   4.75   1.02   7.5
2018  75  7 34   487.9   4.90   0.99   7.8
2018  75  7 35   491.3   4.77   1.02   7.7
2018  75  7 36   490.0   4.82   1.06   7.7
2018  75  7 37   484.5   5.02   1.23   7.9
2018  75  7 38 99999.9 999.99 999.99 999.9
2018  75  7 39   481.1   5.17   1.14   7.7
2018  75  7 40   481.1   5.17   1.17   7.8
2018  75  7 41   480.2   5.13   1.21   7.8
2018  75  7 42   474.2   5.23   1.36   7.8
2018  75  7 43   473.6   5.20   1.29   7.6
2018  75  7 44   478.8   4.63   0.98   7.3
2018  75  7 45   477.0   4.52   1.12   7.2
2018  75  7 46   476.2   5.05   1.15   7.4
2018  75  7 47   479.7   5.37   1.15   7.5
2018  75  7 48   482.2   4.83   0.86   7.1
2018  75  7 49   478.2   4.80   0.93   7.1
2018  75  7 50   477.4   4.79   0.93   7.0
2018  75  7 51   477.7   5.04   0.92   7.1
2018  75  7 52   478.2   5.09   0.96   7.3
2018  75  7 53   481.6   5.41   1.09   7.7
2018  75  7 54   481.6   5.41   1.08   7.6
2018  75  7 55   484.9   5.33   1.06   7.6
2018  75  7 56   484.9   5.33   1.06   7.6
2018  75  7 57   484.1   5.26   1.07   7.5
2018  75  7 58   484.1   5.26   1.07   7.5
2018  75  7 59   480.2   5.12   1.07   7.3
2018  75  8  0   480.2   5.12   1.08   7.4
2018  75  8  1   475.5   5.30   1.10   7.5
2018  75  8  2   473.9   5.36   1.13   7.5
2018  75  8  3   472.2   5.40   1.13   7.7
2018  75  8  4   472.0   5.40   1.09   7.6
2018  75  8  5   467.9   5.94   1.49   7.9
2018  75  8  6   469.2   5.81   1.40   7.7
2018  75  8  7   476.5   5.16   1.08   7.5
2018  75  8  8   473.9   5.18   0.96   7.3
2018  75  8  9   473.0   5.25   1.03   7.4
2018  75  8 10   469.7   5.54   1.31   7.6
2018  75  8 11   473.7   5.15   1.12   7.4
2018  75  8 12   473.8   5.14   1.13   7.4
2018  75  8 13   473.8   5.14   1.16   7.5
2018  75  8 14   469.4   5.46   1.31   7.7
2018  75  8 15   469.4   5.46   1.30   7.7
2018  75  8 16   469.5   5.19   1.17   7.5
2018  75  8 17   469.5   5.19   1.17   7.5
2018  75  8 18 99999.9 999.99 999.99 999.9
2018  75  8 19   472.7   4.75   1.05   7.1
2018  75  8 20   470.1   5.03   1.11   7.3
2018  75  8 21   472.2   4.85   0.99   7.2
2018  75  8 22   472.2   4.83   0.99   7.3
2018  75  8 23   468.3   5.14   1.13   7.4
2018  75  8 24   468.3   5.14   1.13   7.4
2018  75  8 25   467.1   5.57   1.20   7.7
2018  75  8 26   469.6   5.52   1.23   7.8
2018  75  8 27   472.0   5.44   1.21   7.8
2018  75  8 28   474.0   5.14   1.10   7.6
2018  75  8 29   470.3   5.14   1.11   7.6
2018  75  8 30   472.4   5.27   1.21   7.8
2018  75  8 31   474.3   5.38   1.26   7.9
2018  75  8 32 99999.9 999.99 999.99 999.9
2018  75  8 33   466.9   5.12   1.22   7.7
2018  75  8 34   466.9   5.12   1.21   7.6
2018  75  8 35   471.7   5.29   1.22   7.8
2018  75  8 36   470.1   5.15   1.22   7.8
2018  75  8 37   469.6   5.11   1.22   7.8
2018  75  8 38   473.1   5.33   1.30   8.1
2018  75  8 39   471.3   5.18   1.23   7.9
2018  75  8 40   470.6   5.13   1.21   7.8
2018  75  8 41   470.7   4.89   1.08   7.7
2018  75  8 42   470.8   4.92   1.04   7.5
2018  75  8 43   471.7   5.27   1.03   7.6
2018  75  8 44   471.7   5.27   1.02   7.6
2018  75  8 45   471.9   4.81   0.94   7.4
2018  75  8 46   471.9   4.81   0.96   7.4
2018  75  8 47   471.9   4.81   0.92   7.3
2018  75  8 48   474.6   5.39   1.18   7.7
2018  75  8 49   473.8   5.14   1.03   7.5
2018  75  8 50   476.1   5.00   0.92   7.3
2018  75  8 51 99999.9 999.99 999.99 999.9
2018  75  8 52   476.7   5.01   0.92   7.3
2018  75  8 53   476.7   5.00   0.94   7.4
2018  75  8 54 99999.9 999.99 999.99 999.9
2018  75  8 55   466.1   5.28   1.12   7.4
2018  75  8 56   466.1   5.28   1.07   7.3
2018  75  8 57   469.0   4.98   0.90   7.0
2018  75  8 58   472.0   4.68   0.77   6.8
2018  75  8 59   472.0   4.68   0.78   6.8
2018  75  9  0   471.6   4.43   0.66   6.6
2018  75  9  1   471.6   4.43   0.66   6.6
2018  75  9  2 99999.9 999.99 999.99 999.9
2018  75  9  3   467.7   4.71   0.71   6.7
2018  75  9  4   469.0   4.77   0.73   6.8
2018  75  9  5   472.9   4.93   0.76   6.9
2018  75  9  6   463.6   4.45   0.68   6.5
2018  75  9  7   467.9   4.81   0.83   6.9
2018  75  9  8   468.3   4.85   0.87   7.1
2018  75  9  9   468.5   5.37   1.01   7.4
2018  75  9 10   468.4   5.22   1.01   7.4
2018  75  9 11   468.3   4.82   0.95   7.1
2018  75  9 12   469.7   5.14   1.03   7.4
2018  75  9 13   472.3   5.73   1.24   8.0
2018  75  9 14   471.4   5.70   1.15   7.9
2018  75  9 15   471.2   5.69   1.04   7.6
2018  75  9 16   466.8   5.32   0.91   7.3
2018  75  9 17   467.3   5.29   0.91   7.3
2018  75  9 18   472.0   5.04   0.88   7.1
2018  75  9 19   472.0   5.04   0.86   7.1
2018  75  9 20   472.2   5.07   0.88   7.2
2018  75  9 21   472.2   5.18   0.89   7.2
2018  75  9 22 99999.9 999.99 999.99 999.9
2018  75  9 23   462.2   5.67   0.78   7.1
2018  75  9 24   462.2   5.67   0.77   7.0
2018  75  9 25   466.2   5.08   0.71   6.5
2018  75  9 26   477.7   5.20   0.78   6.8
2018  75  9 27   485.0   4.91   0.73   6.7
2018  75  9 28   486.5   4.67   0.68   6.5
2018  75  9 29   486.2   5.61   0.90   7.3
2018  75  9 30   487.9   5.55   0.88   7.3
2018  75  9 31   488.3   5.54   0.85   7.2
2018  75  9 32 99999.9 999.99 999.99 999.9
2018  75  9 33   475.8   5.12   0.81   6.8
2018  75  9 34   475.8   5.12   0.80   6.8
2018  75  9 35   475.8   5.12   0.80   6.7
2018  75  9 36   474.1   4.80   0.76   6.6
2018  75  9 37   474.1   4.80   0.76   6.6
2018  75  9 38   474.1   4.80   0.76   6.6
2018  75  9 39   468.0   4.67   0.73   6.4
2018  75  9 40   469.1   4.58   0.72   6.4
2018  75  9 41   469.6   4.54   0.73   6.4
2018  75  9 42   467.9   4.74   0.73   6.5
2018  75  9 43   467.9   4.74   0.74   6.6
2018  75  9 44 99999.9 999.99 999.99 999.9
2018  75  9 45 99999.9 999.99 999.99 999.9
2018  75  9 46   460.4   5.54   0.97   7.0
2018  75  9 47   460.4   5.54   0.97   7.0
2018  75  9 48   465.3   4.86   0.72   6.6
2018  75  9 49   465.4   4.84   0.73   6.7
2018  75  9 50   457.3   5.27   0.84   6.9
2018  75  9 51   455.8   5.45   0.87   7.0
2018  75  9 52   453.5   5.96   1.01   7.3
2018  75  9 53   465.5   5.44   0.98   7.2
2018  75  9 54   456.7   5.48   0.89   7.1
2018  75  9 55   455.6   5.77   0.93   7.2
2018  75  9 56   463.6   6.25   1.18   7.7
2018  75  9 57   463.2   6.25   1.20   7.7
2018  75  9 58   458.4   6.23   1.14   7.7
2018  75  9 59   454.3   6.26   1.04   7.6
2018  75 10  0   456.2   6.34   1.17   7.7
2018  75 10  1   460.1   6.09   1.07   7.6
2018  75 10  2   459.2   6.37   1.24   7.9
2018  75 10  3   461.9   5.60   1.00   7.5
2018  75 10  4   463.5   5.17   0.93   7.4
2018  75 10  5   458.2   6.51   1.32   8.3
2018  75 10  6   458.5   6.50   1.38   8.4
2018  75 10  7   457.6   6.60   1.42   8.4
2018  75 10  8   468.7   5.27   0.96   7.7
2018  75 10  9   468.7   5.27   0.94   7.6
2018  75 10 10 99999.9 999.99 999.99 999.9
2018  75 10 11   456.8   6.12   1.18   8.0
2018  75 10 12   456.8   6.12   1.17   7.9
2018  75 10 13   457.9   6.03   1.15   7.9
2018  75 10 14   464.2   5.51   1.04   7.6
2018  75 10 15   464.2   5.51   1.03   7.6
2018  75 10 16 99999.9 999.99 999.99 999.9
2018  75 10 17   461.3   5.83   1.14   7.8
2018  75 10 18   459.3   5.77   1.15   7.8
2018  75 10 19   460.7   5.51   1.05   7.6
2018  75 10 20   460.7   5.51   1.05   7.6
2018  75 10 21   464.0   6.95   1.24   8.7
2018  75 10 22   463.5   6.52   1.20   8.5
2018  75 10 23   462.3   5.43   1.16   8.0
2018  75 10 24 99999.9 999.99 999.99 999.9
2018  75 10 25   464.8   5.66   1.18   8.2
2018  75 10 26   464.3   5.70   1.21   8.3
2018  75 10 27   470.4   4.78   0.85   7.6
2018  75 10 28   470.4   4.78   0.85   7.6
2018  75 10 29 99999.9 999.99 999.99 999.9
2018  75 10 30 99999.9 999.99 999.99 999.9
2018  75 10 31   457.6   5.86   1.31   8.2
2018  75 10 32   456.5   5.60   1.19   7.9
2018  75 10 33   456.6   5.78   1.24   8.0
2018  75 10 34   456.7   5.81   1.28   8.1
2018  75 10 35   456.8   6.25   1.36   8.3
2018  75 10 36   456.8   6.25   1.32   8.2
2018  75 10 37   459.2   5.61   1.10   7.8
2018  75 10 38   459.2   5.61   1.10   7.8
2018  75 10 39 99999.9 999.99 999.99 999.9
2018  75 10 40   458.4   5.85   1.19   7.8
2018  75 10 41   458.6   5.98   1.22   7.9
2018  75 10 42   459.2   6.18   1.27   8.0
2018  75 10 43   460.8   5.61   1.11   7.7
2018  75 10 44   461.7   5.92   1.19   7.9
2018  75 10 45   461.9   5.98   1.20   7.9
2018  75 10 46   459.9   5.77   1.13   7.8
2018  75 10 47   459.2   5.74   1.16   7.9
2018  75 10 48   458.6   5.77   1.13   7.8
2018  75 10 49   461.2   6.06   1.24   8.0
2018  75 10 50   462.0   5.58   1.12   7.8
2018  75 10 51   462.5   5.71   1.15   7.9
2018  75 10 52   463.1   5.86   1.19   8.0
2018  75 10 53   462.9   5.80   1.20   8.0
2018  75 10 54   462.9   5.80   1.20   8.0
2018  75 10 55   455.7   5.33   1.02   7.5
2018  75 10 56   455.7   5.33   1.06   7.7
2018  75 10 57   457.2   5.83   1.20   8.0
2018  75 10 58   457.3   5.86   1.19   8.0
2018  75 10 59   459.5   6.31   1.47   8.4
2018  75 11  0   458.3   6.05   1.33   8.2
2018  75 11  1   457.1   5.77   1.19   8.0
2018  75 11  2   459.1   5.69   1.18   8.0
2018  75 11  3   459.1   5.69   1.18   8.0
2018  75 11  4   455.5   5.40   1.08   7.8
2018  75 11  5   455.8   5.42   1.10   7.8
2018  75 11  6   456.8   5.48   1.11   7.9
2018  75 11  7   458.1   5.74   1.18   8.0
2018  75 11  8   458.2   5.76   1.17   8.0
2018  75 11  9   455.0   5.58   1.07   7.8
2018  75 11 10   457.4   5.67   1.11   7.8
2018  75 11 11   460.3   5.78   1.19   7.9
2018  75 11 12   459.6   5.63   1.12   7.8
2018  75 11 13   459.7   5.61   1.11   7.8
2018  75 11 14   459.9   5.55   1.11   7.8
2018  75 11 15   458.1   5.19   0.96   7.5
2018  75 11 16   460.2   5.25   1.00   7.5
2018  75 11 17   461.5   5.30   1.01   7.5
2018  75 11 18   457.1   6.00   1.19   8.0
2018  75 11 19   457.1   6.00   1.18   8.0
2018  75 11 20   457.5   5.60   1.08   7.7
2018  75 11 21   457.5   5.61   1.10   7.8
2018  75 11 22   456.4   5.93   1.23   8.0
2018  75 11 23   457.3   5.66   1.06   7.8
2018  75 11 24   457.7   5.58   1.01   7.7
2018  75 11 25   457.9   5.59   1.02   7.7
2018  75 11 26   458.2   5.49   1.00   7.6
2018  75 11 27   458.2   5.47   1.00   7.6
2018  75 11 28   457.6   5.61   0.97   7.6
2018  75 11 29   457.8   5.42   0.94   7.4
2018  75 11 30   457.9   5.36   0.97   7.5
2018  75 11 31   456.7   5.49   0.96   7.5
2018  75 11 32   456.2   5.67   1.00   7.6
2018  75 11 33   455.8   5.87   1.07   7.8
2018  75 11 34   456.4   6.28   1.19   8.1
2018  75 11 35   456.2   6.18   1.14   8.0
2018  75 11 36   455.6   5.68   0.96   7.5
2018  75 11 37   456.0   5.75   1.00   7.6
2018  75 11 38   456.1   5.76   1.01   7.6
2018  75 11 39   454.8   5.70   1.00   7.6
2018  75 11 40   455.0   5.79   1.01   7.6
2018  75 11 41   454.8   5.82   1.01   7.6
2018  75 11 42   454.2   5.31   0.89   7.2
2018  75 11 43   453.9   5.41   0.91   7.4
2018  75 11 44   449.4   5.47   0.91   7.3
2018  75 11 45   446.6   5.33   0.91   7.2
2018  75 11 46   446.5   6.13   1.04   7.7
2018  75 11 47   446.5   6.13   1.02   7.6
2018  75 11 48   444.7   5.70   0.93   7.3
2018  75 11 49   443.9   5.64   0.85   6.9
2018  75 11 50   443.6   5.65   0.86   6.9
2018  75 11 51   444.5   5.91   0.83   7.1
2018  75 11 52   444.2   5.85   0.84   6.9
2018  75 11 53   444.6   5.80   0.82   6.8
2018  75 11 54 99999.9 999.99 999.99 999.9
2018  75 11 55   442.2   5.94   0.78   6.8
2018  75 11 56   442.2   5.94   0.78   6.8
2018  75 11 57 99999.9 999.99 999.99 999.9
2018  75 11 58   439.3   5.90   0.83   6.8
2018  75 11 59   439.4   5.97   0.87   7.0
2018  75 12  0   442.3   5.96   0.78   6.7
2018  75 12  1   445.2   5.54   0.71   6.5
2018  75 12  2   441.3   5.37   0.76   6.5
2018  75 12  3   440.9   5.36   0.79   6.6
2018  75 12  4   438.8   6.02   0.89   6.9
2018  75 12  5   438.8   6.02   0.89   6.9
2018  75 12  6   438.8   6.02   0.90   7.0
2018  75 12  7   441.4   6.32   0.97   7.1
2018  75 12  8   438.8   6.45   0.98   7.1
2018  75 12  9   435.3   6.52   0.97   7.1
2018  75 12 10   436.7   6.39   0.86   6.8
2018  75 12 11   441.1   5.58   0.72   6.3
2018  75 12 12   442.0   5.48   0.68   6.1
2018  75 12 13   442.5   5.78   0.67   6.3
2018  75 12 14   442.0   5.62   0.70   6.4
2018  75 12 15   441.5   5.64   0.70   6.3
2018  75 12 16   441.2   5.65   0.75   6.4
2018  75 12 17   439.6   5.90   0.78   6.6
2018  75 12 18   440.0   5.81   0.77   6.6
2018  75 12 19   439.6   5.71   0.76   6.5
2018  75 12 20   438.1   5.80   0.79   6.5
2018  75 12 21   438.6   5.72   0.77   6.5
2018  75 12 22   438.7   5.70   0.77   6.5
2018  75 12 23   440.0   5.24   0.69   6.2
2018  75 12 24   440.0   5.24   0.69   6.2
2018  75 12 25   439.7   5.59   0.71   6.4
2018  75 12 26   438.1   5.42   0.69   6.3
2018  75 12 27   437.0   5.30   0.67   6.2
2018  75 12 28   436.8   5.25   0.65   6.2
2018  75 12 29   436.8   5.25   0.64   6.1
2018  75 12 30 99999.9 999.99 999.99 999.9
2018  75 12 31 99999.9 999.99 999.99 999.9
2018  75 12 32   437.7   5.76   0.65   6.3
2018  75 12 33   438.8   5.81   0.65   6.3
2018  75 12 34   452.2   6.53   0.68   6.9
2018  75 12 35   453.3   6.58   0.68   6.9
2018  75 12 36   438.4   5.35   0.59   6.1
2018  75 12 37   439.4   5.45   0.60   6.1
2018  75 12 38   455.5   7.16   0.81   7.3
2018  75 12 39   453.5   6.81   0.71   6.9
2018  75 12 40   445.8   5.45   0.49   6.0
2018  75 12 41   445.8   5.43   0.47   5.9
2018  75 12 42   445.8   6.12   0.53   6.3
2018  75 12 43   445.8   6.12   0.53   6.3
2018  75 12 44   447.1   6.25   0.55   6.3
2018  75 12 45   447.1   6.25   0.55   6.3
2018  75 12 46   444.0   5.96   0.52   6.1
2018  75 12 47   444.0   5.96   0.52   6.1
2018  75 12 48   442.3   5.80   0.50   6.0
2018  75 12 49   442.7   5.92   0.52   6.1
2018  75 12 50   445.6   6.83   0.61   6.6
2018  75 12 51   445.6   6.83   0.61   6.6
2018  75 12 52   447.4   6.20   0.53   6.3
2018  75 12 53   446.6   6.05   0.51   6.1
2018  75 12 54   445.2   5.80   0.49   6.0
2018  75 12 55   445.2   5.80   0.48   6.0
2018  75 12 56   441.2   5.70   0.48   5.8
2018  75 12 57   441.3   5.79   0.49   5.9
2018  75 12 58   441.3   5.84   0.49   5.9
2018  75 12 59   443.4   6.24   0.56   6.1
2018  75 13  0   444.8   6.06   0.52   6.0
2018  75 13  1   445.5   5.97   0.50   6.0
2018  75 13  2 99999.9 999.99 999.99 999.9
2018  75 13  3   443.2   6.00   0.50   6.0
2018  75 13  4   443.2   6.00   0.49   6.0
2018  75 13  5 99999.9 999.99 999.99 999.9
2018  75 13  6   441.6   5.77   0.47   5.8
2018  75 13  7   441.6   5.77   0.46   5.8
2018  75 13  8   439.3   5.64   0.46   5.7
2018  75 13  9   439.3   5.64   0.46   5.7
2018  75 13 10 99999.9 999.99 999.99 999.9
2018  75 13 11   439.0   5.92   0.49   5.8
2018  75 13 12   439.0   5.92   0.49   5.8
2018  75 13 13   439.2   5.91   0.50   6.0
2018  75 13 14   439.3   5.91   0.52   6.0
2018  75 13 15   443.9   5.94   0.54   6.1
2018  75 13 16   442.3   5.70   0.49   5.8
2018  75 13 17   439.7   5.30   0.45   5.6
2018  75 13 18   439.7   5.30   0.44   5.5
2018  75 13 19   439.4   5.73   0.48   5.8
2018  75 13 20   439.4   5.73   0.48   5.8
2018  75 13 21   439.4   5.73   0.48   5.8
2018  75 13 22   440.3   6.44   0.57   6.1
2018  75 13 23   440.3   6.44   0.57   6.0
2018  75 13 24   439.5   6.08   0.50   5.9
2018  75 13 25   439.5   6.08   0.50   5.9
2018  75 13 26 99999.9 999.99 999.99 999.9
2018  75 13 27   437.2   6.26   0.51   5.9
2018  75 13 28   437.2   6.26   0.51   5.9
2018  75 13 29   437.2   6.26   0.50   5.9
2018  75 13 30   437.5   5.96   0.48   5.7
2018  75 13 31   437.5   5.96   0.47   5.7
2018  75 13 32   436.6   5.86   0.46   5.6
2018  75 13 33   436.6   5.86   0.45   5.6
2018  75 13 34   436.6   5.86   0.46   5.6
2018  75 13 35   436.9   5.90   0.45   5.6
2018  75 13 36   436.9   5.90   0.46   5.6
2018  75 13 37 99999.9 999.99 999.99 999.9
2018  75 13 38   435.4   6.13   0.47   5.7
2018  75 13 39   435.4   6.13   0.47   5.7
2018  75 13 40   435.3   6.17   0.47   5.7
2018  75 13 41   435.3   6.17   0.47   5.6
2018  75 13 42   436.2   6.42   0.49   5.7
2018  75 13 43   436.5   6.50   0.49   5.8
2018  75 13 44 99999.9 999.99 999.99 999.9
2018  75 13 45   435.1   6.27   0.47   5.6
2018  75 13 46   435.1   6.27   0.47   5.6
2018  75 13 47   435.1   6.27   0.47   5.6
2018  75 13 48   432.6   6.76   0.54   5.8
2018  75 13 49   432.6   6.76   0.54   5.8
2018  75 13 50   432.6   6.76   0.54   5.8
2018  75 13 51   432.6   6.41   0.49   5.7
2018  75 13 52   432.6   6.41   0.49   5.6
2018  75 13 53   432.6   6.31   0.47   5.6
2018  75 13 54   432.6   6.31   0.47   5.6
2018  75 13 55 99999.9 999.99 999.99 999.9
2018  75 13 56   429.8   6.53   0.51   5.7
2018  75 13 57   429.8   6.53   0.50   5.7
2018  75 13 58   429.8   6.53   0.50   5.6
2018  75 13 59   431.4   6.47   0.48   5.6
2018  75 14  0   431.5   6.46   0.47   5.6
2018  75 14  1   432.0   6.41   0.47   5.6
2018  75 14  2   432.1   6.40   0.46   5.5
2018  75 14  3   433.1   6.26   0.44   5.5
2018  75 14  4   433.1   6.26   0.44   5.5
2018  75 14  5   432.7   6.56   0.47   5.6
2018  75 14  6   432.7   6.56   0.47   5.6
2018  75 14  7 99999.9 999.99 999.99 999.9
2018  75 14  8   433.0   6.39   0.44   5.5
2018  75 14  9   433.0   6.39   0.45   5.5
2018  75 14 10   431.4   6.58   0.47   5.6
2018  75 14 11   431.4   6.58   0.47   5.6
2018  75 14 12 99999.9 999.99 999.99 999.9
2018  75 14 13   430.6   6.37   0.46   5.4
2018  75 14 14   430.6   6.37   0.46   5.4
2018  75 14 15   431.7   6.65   0.47   5.5
2018  75 14 16   431.7   6.65   0.46   5.5
2018  75 14 17   431.4   6.65   0.46   5.5
2018  75 14 18   431.4   6.65   0.47   5.5
2018  75 14 19   431.9   6.62   0.46   5.5
2018  75 14 20   432.3   6.59   0.46   5.5
2018  75 14 21   432.3   6.59   0.45   5.5
2018  75 14 22   430.5   6.78   0.47   5.5
2018  75 14 23   430.5   6.78   0.46   5.5
2018  75 14 24   430.8   6.72   0.45   5.4
2018  75 14 25   430.8   6.72   0.45   5.4
2018  75 14 26   432.1   6.27   0.41   5.3
2018  75 14 27   432.3   6.43   0.43   5.3
2018  75 14 28   433.2   6.44   0.43   5.3
2018  75 14 29   433.3   6.43   0.43   5.3
2018  75 14 30 99999.9 999.99 999.99 999.9
2018  75 14 31   432.6   6.78   0.47   5.5
2018  75 14 32   432.5   6.73   0.46   5.4
2018  75 14 33   432.3   6.42   0.42   5.3
2018  75 14 34   432.2   6.35   0.42   5.3
2018  75 14 35 99999.9 999.99 999.99 999.9
2018  75 14 36 99999.9 999.99 999.99 999.9
2018  75 14 37 99999.9 999.99 999.99 999.9
2018  75 14 38   429.8   6.39   0.42   5.3
2018  75 14 39   429.8   6.39   0.43   5.3
2018  75 14 40   431.9   6.52   0.43   5.4
2018  75 14 41   433.0   6.51   0.42   5.3
2018  75 14 42   435.4   6.23   0.40   5.2
2018  75 14 43   435.6   6.40   0.41   5.3
2018  75 14 44   441.7   7.43   0.46   5.7
2018  75 14 45   444.6   7.75   0.50   5.8
2018  75 14 46   445.4   7.81   0.51   5.8
2018  75 14 47   439.9   7.50   0.45   5.7
2018  75 14 48   439.9   7.50   0.45   5.7
2018  75 14 49   439.9   7.50   0.45   5.7
2018  75 14 50 99999.9 999.99 999.99 999.9
2018  75 14 51 99999.9 999.99 999.99 999.9
2018  75 14 52 99999.9 999.99 999.99 999.9
2018  75 14 53 99999.9 999.99 999.99 999.9
2018  75 14 54 99999.9 999.99 999.99 999.9
2018  75 14 55 99999.9 999.99 999.99 999.9
2018  75 14 56   436.4   7.12   0.43   5.5
2018  75 14 57   442.1   7.45   0.44   5.6
2018  75 14 58   439.8   7.21   0.42   5.5
2018  75 14 59   440.4   7.10   0.41   5.4
2018  75 15  0   443.4   7.10   0.40   5.4
2018  75 15  1   442.0   7.06   0.41   5.4
2018  75 15  2   442.0   7.06   0.41   5.3
2018  75 15  3   444.2   7.19   0.41   5.4
2018  75 15  4   444.4   7.20   0.41   5.4
2018  75 15  5   443.8   7.51   0.43   5.6
2018  75 15  6   443.8   7.51   0.43   5.6
2018  75 15  7   443.8   7.51   0.43   5.6
2018  75 15  8 99999.9 999.99 999.99 999.9
2018  75 15  9 99999.9 999.99 999.99 999.9
2018  75 15 10   448.4   7.32   0.41   5.5
2018  75 15 11   448.4   7.32   0.41   5.5
2018  75 15 12   446.6   7.41   0.42   5.6
2018  75 15 13   446.6   7.41   0.42   5.5
2018  75 15 14   445.4   8.14   0.46   5.8
2018  75 15 15   444.6   7.92   0.45   5.7
2018  75 15 16   441.8   7.56   0.41   5.4
2018  75 15 17   443.9   7.49   0.40   5.4
2018  75 15 18   443.9   7.49   0.39   5.4
2018  75 15 19   443.9   7.49   0.39   5.4
2018  75 15 20 99999.9 999.99 999.99 999.9
2018  75 15 21   444.4   8.39   0.48   5.7
2018  75 15 22   444.4   8.39   0.47   5.6
2018  75 15 23   445.8   7.71   0.39   5.3
2018  75 15 24   445.9   7.64   0.38   5.3
2018  75 15 25   446.6   7.44   0.37   5.2
2018  75 15 26   446.6   7.43   0.37   5.2
2018  75 15 27   443.4   7.40   0.37   5.1
2018  75 15 28   442.9   7.60   0.37   5.2
2018  75 15 29   441.7   8.00   0.38   5.3
2018  75 15 30   440.2   7.98   0.38   5.2
2018  75 15 31   440.2   7.98   0.39   5.3
2018  75 15 32   438.4   8.25   0.41   5.4
2018  75 15 33   438.4   8.25   0.40   5.3
2018  75 15 34   439.1   7.45   0.35   5.0
2018  75 15 35   438.8   7.43   0.35   5.0
2018  75 15 36   437.2   7.37   0.35   4.9
2018  75 15 37   434.7   7.30   0.33   4.8
2018  75 15 38   437.0   6.94   0.33   4.7
2018  75 15 39   436.6   7.34   0.34   4.8
2018  75 15 40   436.8   7.07   0.31   4.7
2018  75 15 41   438.1   7.26   0.32   4.8
2018  75 15 42   439.6   7.29   0.34   4.9
2018  75 15 43   439.8   7.18   0.34   4.9
2018  75 15 44   440.6   7.51   0.36   5.0
2018  75 15 45   435.9   7.26   0.33   4.9
2018  75 15 46   435.8   7.25   0.33   4.9
2018  75 15 47   435.2   7.37   0.34   5.0
2018  75 15 48   433.9   7.49   0.35   5.0
2018  75 15 49   431.2   7.39   0.34   4.9
2018  75 15 50   431.2   7.39   0.33   4.8
2018  75 15 51 99999.9 999.99 999.99 999.9
2018  75 15 52 99999.9 999.99 999.99 999.9
2018  75 15 53   433.6   7.14   0.32   4.7
2018  75 15 54   433.6   7.14   0.32   4.7
2018  75 15 55   433.6   7.14   0.32   4.7
2018  75 15 56 99999.9 999.99 999.99 999.9
2018  75 15 57 99999.9 999.99 999.99 999.9
2018  75 15 58 99999.9 999.99 999.99 999.9
2018  75 15 59 99999.9 999.99 999.99 999.9
2018  75 16  0 99999.9 999.99 999.99 999.9
2018  75 16  1   431.9   6.95   0.32   4.7
2018  75 16  2   431.9   6.95   0.32   4.7
2018  75 16  3 99999.9 999.99 999.99 999.9
2018  75 16  4 99999.9 999.99 999.99 999.9
2018  75 16  5 99999.9 999.99 999.99 999.9
2018  75 16  6 99999.9 999.99 999.99 999.9
2018  75 16  7 99999.9 999.99 999.99 999.9
2018  75 16  8 99999.9 999.99 999.99 999.9
2018  75 16  9   441.8   7.24   0.35   4.9
2018  75 16 10   441.8   7.24 999.99 999.9
2018  75 16 11   441.8   7.24   0.35   4.9
2018  75 16 12 99999.9 999.99 999.99 999.9
2018  75 16 13   438.5   7.59   0.38   5.0
2018  75 16 14   438.6   7.69   0.40   5.1
2018  75 16 15   441.2   7.51   0.37   5.0
2018  75 16 16   439.9   7.28   0.35   4.9
2018  75 16 17   438.8   7.10   0.35   4.9
2018  75 16 18 99999.9 999.99 999.99 999.9
2018  75 16 19 99999.9 999.99 999.99 999.9
2018  75 16 20   436.8   7.63   0.38   5.1
2018  75 16 21   438.0   7.63   0.38   5.1
2018  75 16 22   441.2   7.64   0.37   5.0
2018  75 16 23   441.2   7.64   0.37   5.0
2018  75 16 24 99999.9 999.99 999.99 999.9
2018  75 16 25   439.6   7.14   0.34   4.9
2018  75 16 26   438.7   7.12 999.99 999.9
2018  75 16 27 99999.9 999.99 999.99 999.9
2018  75 16 28 99999.9 999.99 999.99 999.9
2018  75 16 29 99999.9 999.99 999.99 999.9
2018  75 16 30 99999.9 999.99 999.99 999.9
2018  75 16 31 99999.9 999.99 999.99 999.9
2018  75 16 32   452.4   8.86   0.49   5.8
2018  75 16 33   452.4   8.86   0.47   5.7
2018  75 16 34   452.4   8.86   0.48   5.7
2018  75 16 35   438.2   9.16   0.49   5.6
2018  75 16 36   438.2   9.16   0.50   5.6
2018  75 16 37 99999.9 999.99 999.99 999.9
2018  75 16 38   430.5   9.57   0.53   5.6
2018  75 16 39   438.8   9.11   0.52   5.6
2018  75 16 40   443.7  10.30   0.61   6.1
2018  75 16 41   444.5  10.27   0.61   6.1
2018  75 16 42   445.1  10.24   0.60   6.1
2018  75 16 43   460.3  10.37   0.64   6.4
2018  75 16 44   458.8  10.23   0.62   6.3
2018  75 16 45   432.5   7.73   0.41   5.2
2018  75 16 46   443.9   8.45   0.47   5.5
2018  75 16 47   439.3   8.26   0.46   5.4
2018  75 16 48   431.3   9.10   0.54   5.6
2018  75 16 49   459.0   6.92   0.36   5.1
2018  75 16 50   463.9   6.52   0.33   5.0
2018  75 16 51   426.9   8.29   0.43   5.1
2018  75 16 52   437.7   8.46   0.44   5.4
2018  75 16 53   442.6   8.97   0.52   5.6
2018  75 16 54   446.1   9.54   0.57   5.7
2018  75 16 55 99999.9 999.99 999.99 999.9
2018  75 16 56 99999.9 999.99 999.99 999.9
2018  75 16 57 99999.9 999.99 999.99 999.9
2018  75 16 58 99999.9 999.99 999.99 999.9
2018  75 16 59 99999.9 999.99 999.99 999.9
2018  75 17  0 99999.9 999.99 999.99 999.9
2018  75 17  1 99999.9 999.99 999.99 999.9
2018  75 17  2   439.1  10.78   0.65   6.3
2018  75 17  3   440.2  10.83   0.63   6.2
2018  75 17  4   446.5  11.14   0.58   6.3
2018  75 17  5   436.5   7.92   0.41   5.2
2018  75 17  6   436.0   7.77   0.40   5.1
2018  75 17  7 99999.9 999.99 999.99 999.9
2018  75 17  8 99999.9 999.99 999.99 999.9
2018  75 17  9 99999.9 999.99 999.99 999.9
2018  75 17 10   423.1   8.38   0.44   5.1
2018  75 17 11   421.9   8.41   0.44   5.1
2018  75 17 12   419.5   8.49   0.44   5.1
2018  75 17 13 99999.9 999.99 999.99 999.9
2018  75 17 14 99999.9 999.99 999.99 999.9
2018  75 17 15 99999.9 999.99 999.99 999.9
2018  75 17 16 99999.9 999.99 999.99 999.9
2018  75 17 17   413.8   8.56   0.42   5.0
2018  75 17 18   414.5   8.70   0.42   5.0
2018  75 17 19   418.3   9.37   0.47   5.3
2018  75 17 20   419.3   9.00   0.46   5.2
2018  75 17 21   418.5   9.17   0.46   5.3
2018  75 17 22   413.4   9.85   0.50   5.4
2018  75 17 23   419.5   9.29   0.45   5.2
2018  75 17 24   417.6   9.37   0.47   5.2
2018  75 17 25   417.6   9.36   0.47   5.2
2018  75 17 26   419.4   9.16   0.43   5.2
2018  75 17 27   419.2   9.07   0.43   5.2
2018  75 17 28   418.8   8.62   0.42   5.0
2018  75 17 29   418.7   8.50   0.41   5.0
2018  75 17 30   420.0   8.08   0.39   4.9
2018  75 17 31   418.6   8.01   0.40   4.8
2018  75 17 32   414.8   8.61   0.43   5.0
2018  75 17 33   414.9   8.64   0.42   4.9
2018  75 17 34   422.9   7.14   0.35   4.6
2018  75 17 35   422.9   7.14   0.35   4.6
2018  75 17 36 99999.9 999.99 999.99 999.9
2018  75 17 37 99999.9 999.99 999.99 999.9
2018  75 17 38 99999.9 999.99 999.99 999.9
2018  75 17 39   423.2   7.12   0.34   4.6
2018  75 17 40   423.2   7.12   0.34   4.6
2018  75 17 41 99999.9 999.99 999.99 999.9
2018  75 17 42 99999.9 999.99 999.99 999.9
2018  75 17 43 99999.9 999.99 999.99 999.9
2018  75 17 44 99999.9 999.99 999.99 999.9
2018  75 17 45   421.4   7.08   0.35   4.6
2018  75 17 46   421.4   7.08   0.35   4.6
2018  75 17 47   421.4   7.08   0.35   4.6
2018  75 17 48 99999.9 999.99 999.99 999.9
2018  75 17 49   420.6   7.47   0.37   4.7
2018  75 17 50   421.7   7.32   0.36   4.6
2018  75 17 51   417.5   7.68   0.39   4.7
2018  75 17 52   417.5   7.68   0.39   4.7
2018  75 17 53   421.3   7.66   0.37   4.7
2018  75 17 54   420.2   7.29   0.36   4.6
2018  75 17 55   419.9   7.18   0.36   4.6
2018  75 17 56 99999.9 999.99 999.99 999.9
2018  75 17 57   420.2   7.16   0.36   4.5
2018  75 17 58   423.2   6.65   0.32   4.4
2018  75 17 59   421.2   7.06   0.35   4.5
2018  75 18  0   422.8   6.64   0.32   4.4
2018  75 18  1   423.3   6.76   0.33   4.4
2018  75 18  2   424.0   6.49   0.31   4.3
2018  75 18  3   422.4   6.40   0.32   4.3
2018  75 18  4   424.6   7.15   0.37   4.6
2018  75 18  5   422.6   6.93   0.36   4.5
2018  75 18  6   423.0   6.96   0.36   4.5
2018  75 18  7   423.1   6.96   0.36   4.5
2018  75 18  8 99999.9 999.99 999.99 999.9
2018  75 18  9 99999.9 999.99 999.99 999.9
2018  75 18 10   420.5   6.86   0.35   4.5
2018  75 18 11   420.5   6.86   0.35   4.5
2018  75 18 12 99999.9 999.99 999.99 999.9
2018  75 18 13 99999.9 999.99 999.99 999.9
2018  75 18 14 99999.9 999.99 999.99 999.9
2018  75 18 15 99999.9 999.99 999.99 999.9
2018  75 18 16   421.2   7.07   0.37   4.5
2018  75 18 17   421.4   7.17   0.37   4.6
2018  75 18 18   419.8   7.28   0.38   4.6
2018  75 18 19   418.9   7.59   0.41   4.7
2018  75 18 20   417.1   7.73   0.40   4.7
2018  75 18 21   417.1   7.73   0.40   4.7
2018  75 18 22 99999.9 999.99 999.99 999.9
2018  75 18 23 99999.9 999.99 999.99 999.9
2018  75 18 24   415.5   7.68   0.39   4.7
2018  75 18 25   416.0   7.66   0.39   4.7
2018  75 18 26   416.5   7.64   0.39   4.7
2018  75 18 27 99999.9 999.99 999.99 999.9
2018  75 18 28   414.9   7.45   0.38   4.6
2018  75 18 29   416.7   7.23   0.36   4.5
2018  75 18 30   416.4   6.87   0.36   4.4
2018  75 18 31   415.5   7.19   0.38   4.5
2018  75 18 32 99999.9 999.99 999.99 999.9
2018  75 18 33 99999.9 999.99 999.99 999.9
2018  75 18 34 99999.9 999.99 999.99 999.9
2018  75 18 35 99999.9 999.99 999.99 999.9
2018  75 18 36   416.6   7.00   0.37   4.5
2018  75 18 37   416.0   6.98   0.36   4.5
2018  75 18 38   414.3   6.93   0.33   4.4
2018  75 18 39   415.6   6.88   0.32   4.4
2018  75 18 40   416.4   7.11   0.34   4.5
2018  75 18 41   417.6   7.44   0.37   4.7
2018  75 18 42   422.0   7.91   0.40   4.8
2018  75 18 43   430.4   7.49   0.44   4.8
2018  75 18 44   430.9   7.60   0.43   4.8
2018  75 18 45   430.4   7.53   0.42   4.8
2018  75 18 46   433.0   7.34   0.42   4.7
2018  75 18 47   433.6   6.61   0.39   4.5
2018  75 18 48   434.2   6.61   0.38   4.5
2018  75 18 49   433.7   6.39   0.36   4.4
2018  75 18 50   429.8   7.88   0.53   4.9
2018  75 18 51   431.4   7.68   0.50   4.8
2018  75 18 52   433.2   7.45   0.48   4.8
2018  75 18 53   433.2   7.45 999.99 999.9
2018  75 18 54 99999.9 999.99 999.99 999.9
2018  75 18 55 99999.9 999.99 999.99 999.9
2018  75 18 56 99999.9 999.99 999.99 999.9
2018  75 18 57 99999.9 999.99 999.99 999.9
2018  75 18 58   429.6   7.36   0.45   4.7
2018  75 18 59   428.1   7.32   0.43   4.7
2018  75 19  0   418.7   7.02   0.39   4.5
2018  75 19  1   424.5   7.09   0.38   4.5
2018  75 19  2   421.9   6.90   0.34   4.4
2018  75 19  3   422.3   6.88   0.34   4.4
2018  75 19  4   427.7   5.80   0.30   4.1
2018  75 19  5   426.6   6.14   0.30   4.2
2018  75 19  6   425.9   6.35   0.31   4.3
2018  75 19  7   426.9   5.98   0.32   4.2
2018  75 19  8   426.9   5.98   0.32   4.2
2018  75 19  9 99999.9 999.99 999.99 999.9
2018  75 19 10   426.2   6.29   0.34   4.4
2018  75 19 11   426.2   6.29   0.34   4.4
2018  75 19 12   426.2   6.29   0.34   4.4
2018  75 19 13   416.6   7.53   0.41   4.7
2018  75 19 14   416.6   7.53   0.41   4.6
2018  75 19 15   416.6   7.53   0.41   4.6
2018  75 19 16   435.6   6.25   0.33   4.4
2018  75 19 17   435.6   6.25   0.33   4.4
2018  75 19 18   443.6   6.21   0.32   4.4
2018  75 19 19   445.9   6.20   0.31   4.4
2018  75 19 20   446.3   6.31   0.32   4.5
2018  75 19 21   443.8   6.24   0.32   4.4
2018  75 19 22   443.6   5.36   0.28   4.1
2018  75 19 23   445.9   5.80   0.30   4.3
2018  75 19 24   446.4   5.62   0.30   4.2
2018  75 19 25   448.1   6.24   0.32   4.5
2018  75 19 26   448.2   6.28   0.32   4.5
2018  75 19 27   439.6   6.37   0.35   4.4
2018  75 19 28   439.6   6.37   0.36   4.5
2018  75 19 29   443.3   5.92   0.32   4.4
2018  75 19 30   442.1   6.25   0.35   4.5
2018  75 19 31   445.1   6.12   0.34   4.5
2018  75 19 32   445.6   6.08   0.34   4.5
2018  75 19 33   444.6   5.98   0.31   4.4
2018  75 19 34   444.6   5.98   0.31   4.4
2018  75 19 35 99999.9 999.99 999.99 999.9
2018  75 19 36   446.9   5.39   0.30   4.2
2018  75 19 37   446.9   5.39   0.32   4.3
2018  75 19 38   446.8   5.41   0.32   4.3
2018  75 19 39 99999.9 999.99 999.99 999.9
2018  75 19 40   448.3   6.45   0.51   4.9
2018  75 19 41   447.7   6.26   0.47   4.8
2018  75 19 42   446.2   6.05   0.41   4.7
2018  75 19 43   451.9   6.86   0.56   5.1
2018  75 19 44   452.9   6.76   0.56   5.1
2018  75 19 45   453.6   6.31   0.54   4.9
2018  75 19 46 99999.9 999.99 999.99 999.9
2018  75 19 47   449.7   6.59   0.47   4.9
2018  75 19 48   449.7   6.59   0.47   4.9
2018  75 19 49   451.0   6.74   0.56   5.0
2018  75 19 50   448.7   6.75   0.49   5.0
2018  75 19 51   447.1   6.74   0.46   4.9
2018  75 19 52   445.6   6.74   0.45   4.9
2018  75 19 53   451.3   6.63   0.47   4.9
2018  75 19 54   451.7   6.63   0.47   4.9
2018  75 19 55   452.9   6.61   0.51   4.9
2018  75 19 56   449.4   6.43   0.42   4.8
2018  75 19 57   449.1   6.42   0.42   4.8
2018  75 19 58   446.6   6.86   0.44   4.9
2018  75 19 59   446.6   6.86   0.43   4.9
2018  75 20  0   445.1   6.65   0.43   4.8
2018  75 20  1   445.1   6.65   0.42   4.8
2018  75 20  2   446.8   6.54   0.42   4.8
2018  75 20  3   452.7   6.18   0.42   4.7
2018  75 20  4   448.2   6.58   0.45   4.8
2018  75 20  5   449.6   6.75   0.48   4.9
2018  75 20  6   452.8   6.79   0.50   4.9
2018  75 20  7 99999.9 999.99 999.99 999.9
2018  75 20  8 99999.9 999.99 999.99 999.9
2018  75 20  9   451.7   5.83   0.38   4.4
2018  75 20 10   451.8   5.96   0.37   4.5
2018  75 20 11   451.9   6.12   0.36   4.5
2018  75 20 12   451.7   6.20   0.38   4.6
2018  75 20 13   451.7   6.20   0.38   4.6
2018  75 20 14   451.7   6.20   0.38   4.6
2018  75 20 15   439.5   7.68   0.49   5.1
2018  75 20 16   446.4   6.76   0.44   4.8
2018  75 20 17   450.2   6.44   0.44   4.8
2018  75 20 18   452.2   6.47   0.44   4.9
2018  75 20 19 99999.9 999.99 999.99 999.9
2018  75 20 20   453.1   6.86   0.55   5.1
2018  75 20 21   454.4   7.00   0.55   5.2
2018  75 20 22   451.7   7.04   0.56   5.2
2018  75 20 23   448.7   7.04   0.87   6.3
2018  75 20 24   448.8   8.20   0.94   6.3
2018  75 20 25   453.2   8.14   1.13   6.9
2018  75 20 26   465.1   7.95   1.06   6.7
2018  75 20 27   463.0   9.49   1.41   7.5
2018  75 20 28   462.1   9.93   1.65   8.0
2018  75 20 29   460.9   9.99   1.72   8.0
2018  75 20 30 99999.9 999.99 999.99 999.9
2018  75 20 31   469.8  11.15   1.79   8.6
2018  75 20 32   468.9  10.87   1.79   8.6
2018  75 20 33   465.2  10.45   1.75   8.0
2018  75 20 34   464.0  10.84   1.89   8.0
2018  75 20 35   462.0   9.31   1.21   7.0
2018  75 20 36   461.0   9.40   1.26   7.2
2018  75 20 37   462.3   9.82   1.37   7.5
2018  75 20 38 99999.9 999.99 999.99 999.9
2018  75 20 39   460.3  10.00   1.63   7.7
2018  75 20 40   456.6   8.89   1.10   6.6
2018  75 20 41   454.5   8.25   1.03   6.6
2018  75 20 42 99999.9 999.99 999.99 999.9
2018  75 20 43   461.6   9.24   1.18   6.9
2018  75 20 44   461.0   9.09   1.02   6.5
2018  75 20 45   457.6   8.26   0.85   6.1
2018  75 20 46   456.9   8.04   0.85   6.1
2018  75 20 47   456.0   8.35   0.94   6.2
2018  75 20 48   456.0   8.37   0.93   6.2
2018  75 20 49   456.0   8.37   0.91   6.1
2018  75 20 50   457.8   8.54   0.98   6.3
2018  75 20 51   461.4   8.74   1.11   6.5
2018  75 20 52   464.6   8.96   1.22   6.7
2018  75 20 53 99999.9 999.99 999.99 999.9
2018  75 20 54   461.0   8.68   1.06   6.9
2018  75 20 55   462.3   8.85   1.08   6.9
2018  75 20 56   470.4   9.72   1.39   7.2
2018  75 20 57   468.2   9.29   1.51   7.6
2018  75 20 58 99999.9 999.99 999.99 999.9
2018  75 20 59 99999.9 999.99 999.99 999.9
2018  75 21  0   488.7  12.28   3.88  11.4
2018  75 21  1   488.7  12.28   4.26  11.9
2018  75 21  2   488.7  12.28   5.09  13.1
2018  75 21  3   483.3  12.27   4.06  12.2
2018  75 21  4   484.0  12.11   3.92  12.1
2018  75 21  5   488.7  12.42   4.36  12.6
2018  75 21  6 99999.9 999.99 999.99 999.9
2018  75 21  7   466.6  10.72   2.41   9.5
2018  75 21  8   466.6  10.72   2.55   9.7
2018  75 21  9   478.8  12.40   3.83  11.3
2018  75 21 10   479.1  12.44   2.73   9.5
2018  75 21 11   475.9  10.81   2.13   9.0
2018  75 21 12   475.9  10.81   2.15   9.1
2018  75 21 13   475.2  10.87   2.31   9.4
2018  75 21 14   468.7  11.40   2.32   9.0
2018  75 21 15   462.7  10.76   1.88   8.3
2018  75 21 16   461.8  10.66   1.80   8.2
2018  75 21 17   465.7  10.87   1.78   8.3
2018  75 21 18   468.0  10.79   1.76   8.3
2018  75 21 19 99999.9 999.99 999.99 999.9
2018  75 21 20   464.9  10.47   1.46   7.6
2018  75 21 21   461.3  10.51   1.56   7.5
2018  75 21 22   459.8  10.52   1.64   7.5
2018  75 21 23   457.1  10.49   1.46   7.5
2018  75 21 24   457.1  10.49   1.47   7.6
2018  75 21 25   461.2  10.91   1.65   7.7
2018  75 21 26   463.8  11.19   1.75   7.8
2018  75 21 27   455.6  10.69   1.54   7.5
2018  75 21 28   454.9  10.64   1.50   7.4
2018  75 21 29   455.2  10.58   1.43   7.4
2018  75 21 30   455.5  10.62   1.48   7.5
2018  75 21 31   456.6  10.80   1.54   7.7
2018  75 21 32   456.8  10.92   1.66   8.0
2018  75 21 33   457.9  11.45   1.70   8.2
2018  75 21 34   457.6  11.38   1.56   7.9
2018  75 21 35   454.5  10.62   1.30   7.3
2018  75 21 36   454.5  10.62   1.30   7.3
2018  75 21 37   454.9  10.66   1.34   7.4
2018  75 21 38   454.9  10.66   1.35   7.5
2018  75 21 39 99999.9 999.99 999.99 999.9
2018  75 21 40   457.6  10.53   1.35   7.5
2018  75 21 41   457.6  10.53   1.33   7.5
2018  75 21 42   458.0  10.28   1.38   7.5
2018  75 21 43   461.5  10.24   1.52   8.0
2018  75 21 44   465.5  10.23   1.57   8.1
2018  75 21 45   465.5  10.24   1.71   8.3
2018  75 21 46 99999.9 999.99 999.99 999.9
2018  75 21 47   461.8   9.89   1.64   8.5
2018  75 21 48   461.8   9.89   1.62   8.4
2018  75 21 49   461.8   9.89   1.61   8.4
2018  75 21 50   451.9  11.85   2.32   9.3
2018  75 21 51   454.6  11.58   2.86  10.5
2018  75 21 52   462.3  10.78   1.69   8.5
2018  75 21 53   460.7  10.12   2.31  10.2
2018  75 21 54   459.9  10.36   2.32  10.0
2018  75 21 55   458.5  10.82   1.96   8.9
2018  75 21 56   459.1  10.84   1.84   9.0
2018  75 21 57   459.1  10.86   1.78   9.3
2018  75 21 58   461.1  10.74   1.70   9.1
2018  75 21 59   461.5  10.71   1.68   9.0
2018  75 22  0   459.8  10.79   1.64   8.7
2018  75 22  1   459.8  10.79   1.63   8.7
2018  75 22  2   464.8  10.19   1.66   8.9
2018  75 22  3   464.8  10.19   1.91   9.6
2018  75 22  4 99999.9 999.99 999.99 999.9
2018  75 22  5   451.1  11.17   2.00   9.3
2018  75 22  6   451.1  11.17   1.72   8.6
2018  75 22  7   458.1  11.26   2.02   9.1
2018  75 22  8   458.1  11.26   2.05   9.2
2018  75 22  9 99999.9 999.99 999.99 999.9
2018  75 22 10   455.8  11.02   1.75   8.7
2018  75 22 11   455.8  11.02   1.68   8.6
2018  75 22 12 99999.9 999.99 999.99 999.9
2018  75 22 13   457.2  10.96   2.06   9.5
2018  75 22 14   457.2  10.96   2.11   9.6
2018  75 22 15   454.4  11.51   2.15   9.7
2018  75 22 16   454.4  11.51   2.06   9.5
2018  75 22 17   454.4  11.51   2.09   9.6
2018  75 22 18   452.1  11.21   2.03   9.4
2018  75 22 19   452.1  11.21   1.91   9.1
2018  75 22 20   451.7  11.34   1.96   9.0
2018  75 22 21   451.6  11.40   2.11   9.3
2018  75 22 22   454.4  11.58   2.17   9.5
2018  75 22 23   454.4  11.58   2.03   9.2
2018  75 22 24   451.4  10.46   1.77   8.6
2018  75 22 25   455.0  10.99   2.01   9.3
2018  75 22 26   457.1  11.28   2.13   9.6
2018  75 22 27 99999.9 999.99 999.99 999.9
2018  75 22 28 99999.9 999.99 999.99 999.9
2018  75 22 29   465.8   8.40   1.24   7.8
2018  75 22 30   468.8   8.69   1.39   8.1
2018  75 22 31   470.1   8.81   1.42   8.1
2018  75 22 32   470.6   9.11   1.53   8.5
2018  75 22 33   470.4   9.18   1.62   8.6
2018  75 22 34 99999.9 999.99 999.99 999.9
2018  75 22 35   470.8   8.99   1.55   8.6
2018  75 22 36   470.8   8.99   1.62   8.8
2018  75 22 37   465.5  10.00   1.91   9.2
2018  75 22 38   467.7   9.69   1.69   8.6
2018  75 22 39   449.3   9.39   1.47   8.0
2018  75 22 40   451.4   9.02   1.41   7.9
2018  75 22 41   447.7   8.77   1.38   7.7
2018  75 22 42   451.3   8.51   1.33   7.7
2018  75 22 43   450.9   8.71   1.55   8.1
2018  75 22 44   450.3   8.32   1.41   8.0
2018  75 22 45   450.3   8.27   1.38   7.9
2018  75 22 46   451.1   8.57   1.40   8.0
2018  75 22 47   451.1   8.57   1.44   8.1
2018  75 22 48   449.6   8.73   1.56   8.1
2018  75 22 49   449.6   8.73   1.55   8.1
2018  75 22 50   450.5   8.69   1.54   8.2
2018  75 22 51   452.2   8.61   1.47   8.1
2018  75 22 52   452.2   8.61   1.47   8.1
2018  75 22 53 99999.9 999.99 999.99 999.9
2018  75 22 54   452.6   8.57   1.45   8.1
2018  75 22 55   452.6   8.57   1.39   8.0
2018  75 22 56   452.6   8.57   1.49   8.3
2018  75 22 57   446.5   8.52   1.58   8.1
2018  75 22 58   446.5   8.52   1.58   8.1
2018  75 22 59   435.8   8.52   1.60   7.9
2018  75 23  0   435.8   8.52   1.58   7.9
2018  75 23  1   435.8   8.52   1.61   7.9
2018  75 23  2   447.9   9.34   1.99   8.6
2018  75 23  3   447.9   9.34   1.90   8.4
2018  75 23  4 99999.9 999.99 999.99 999.9
2018  75 23  5   444.1   8.26   1.41   7.9
2018  75 23  6   444.1   8.26   1.42   7.9
2018  75 23  7   442.7   8.23   1.44   7.8
2018  75 23  8   444.7   8.63   1.63   8.2
2018  75 23  9   449.1   9.51   1.90   8.7
2018  75 23 10   443.8   8.72   1.71   8.3
2018  75 23 11   443.8   8.72   1.82   8.6
2018  75 23 12 99999.9 999.99 999.99 999.9
2018  75 23 13 99999.9 999.99 999.99 999.9
2018  75 23 14 99999.9 999.99 999.99 999.9
2018  75 23 15 99999.9 999.99 999.99 999.9
2018  75 23 16 99999.9 999.99 999.99 999.9
2018  75 23 17   444.1   7.94   1.60   7.3
2018  75 23 18   444.1   7.94   1.50   7.1
2018  75 23 19 99999.9 999.99 999.99 999.9
2018  75 23 20   445.9   8.06   1.48   7.3
2018  75 23 21   444.3   8.14   1.52   7.2
2018  75 23 22   456.1   6.79   1.17   6.6
2018  75 23 23   456.7   7.21   1.25   6.8
2018  75 23 24   452.3   7.35   1.31   7.0
2018  75 23 25   447.2   7.26   1.32   7.0
2018  75 23 26   446.7   6.78   1.22   6.7
2018  75 23 27   442.9   8.07   1.84   7.5
2018  75 23 28   441.4   7.68   2.04   7.9
2018  75 23 29   439.5   7.35   1.22   6.1
2018  75 23 30 99999.9 999.99 999.99 999.9
2018  75 23 31 99999.9 999.99 999.99 999.9
2018  75 23 32 99999.9 999.99 999.99 999.9
2018  75 23 33 99999.9 999.99 999.99 999.9
2018  75 23 34   457.7   6.15   0.96   6.2
2018  75 23 35   457.7   6.15   0.83   5.8
2018  75 23 36 99999.9 999.99 999.99 999.9
2018  75 23 37 99999.9 999.99 999.99 999.9
2018  75 23 38 99999.9 999.99 999.99 999.9
2018  75 23 39   463.3   5.34   0.62   5.3
2018  75 23 40   463.3   5.34   0.62   5.2
2018  75 23 41 99999.9 999.99 999.99 999.9
2018  75 23 42 99999.9 999.99 999.99 999.9
2018  75 23 43 99999.9 999.99 999.99 999.9
2018  75 23 44 99999.9 999.99 999.99 999.9
2018  75 23 45 99999.9 999.99 999.99 999.9
2018  75 23 46 99999.9 999.99 999.99 999.9
2018  75 23 47 99999.9 999.99 999.99 999.9
2018  75 23 48   463.9   5.31 999.99 999.9
2018  75 23 49   463.9   5.31   0.60   5.1
2018  75 23 50   463.9   5.31 999.99 999.9
2018  75 23 51 99999.9 999.99 999.99 999.9
2018  75 23 52 99999.9 999.99 999.99 999.9
2018  75 23 53 99999.9 999.99 999.99 999.9
2018  75 23 54 99999.9 999.99 999.99 999.9
2018  75 23 55 99999.9 999.99 999.99 999.9
2018  75 23 56   449.2   5.17   0.84   5.5
2018  75 23 57   443.7   5.93   1.22   6.4
2018  75 23 58   440.1   6.43 999.99 999.9
2018  75 23 59 99999.9 999.99 999.99 999.9