year DOY HR MN      v     d      beta     ma 
2018  72  0  0 99999.9 999.99 999.99 999.9
2018  72  0  1 99999.9 999.99 999.99 999.9
2018  72  0  2   351.3   6.29   2.51  10.2
2018  72  0  3   351.0   6.27   2.51  10.2
2018  72  0  4   349.4   6.16   2.49  10.0
2018  72  0  5   351.0   6.21   2.42  10.2
2018  72  0  6   352.0   6.23   2.41  10.2
2018  72  0  7 99999.9 999.99 999.99 999.9
2018  72  0  8   349.9   6.27   2.55  10.2
2018  72  0  9   352.0   6.26   2.36  10.1
2018  72  0 10   353.1   6.26   2.32  10.2
2018  72  0 11 99999.9 999.99 999.99 999.9
2018  72  0 12   352.4   6.22   2.30  10.1
2018  72  0 13   350.7   5.85   2.18   9.7
2018  72  0 14   349.4   5.55   2.11   9.5
2018  72  0 15 99999.9 999.99 999.99 999.9
2018  72  0 16   350.8   6.28   2.29  10.1
2018  72  0 17   350.8   6.28   2.27  10.0
2018  72  0 18 99999.9 999.99 999.99 999.9
2018  72  0 19   351.0   6.25   2.25  10.0
2018  72  0 20   350.2   5.97   2.13   9.7
2018  72  0 21   349.1   5.87   2.20   9.7
2018  72  0 22   349.5   6.16   2.20   9.7
2018  72  0 23   349.6   5.99   2.04   9.5
2018  72  0 24   350.6   6.19   2.11   9.7
2018  72  0 25   350.5   6.21   2.16   9.7
2018  72  0 26   350.0   5.92   2.06   9.6
2018  72  0 27   349.7   5.71   1.95   9.3
2018  72  0 28   349.6   5.37   1.99   9.3
2018  72  0 29   349.6   5.37   2.03   9.4
2018  72  0 30   350.9   6.09   2.19   9.9
2018  72  0 31   350.9   6.09   2.18   9.8
2018  72  0 32 99999.9 999.99 999.99 999.9
2018  72  0 33 99999.9 999.99 999.99 999.9
2018  72  0 34   350.3   6.16   2.18   9.8
2018  72  0 35   350.8   5.89   2.11   9.6
2018  72  0 36   351.3   5.58   2.07   9.4
2018  72  0 37   351.5   5.58   2.00   9.5
2018  72  0 38   351.4   5.83   2.09   9.7
2018  72  0 39   351.3   6.14   2.21   9.9
2018  72  0 40 99999.9 999.99 999.99 999.9
2018  72  0 41   349.6   5.61   1.96   9.4
2018  72  0 42   349.6   5.61   2.02   9.5
2018  72  0 43 99999.9 999.99 999.99 999.9
2018  72  0 44 99999.9 999.99 999.99 999.9
2018  72  0 45 99999.9 999.99 999.99 999.9
2018  72  0 46   350.7   5.94   2.42  10.0
2018  72  0 47   350.7   5.94   2.41   9.9
2018  72  0 48 99999.9 999.99 999.99 999.9
2018  72  0 49 99999.9 999.99 999.99 999.9
2018  72  0 50   350.6   5.85   2.31   9.8
2018  72  0 51   350.8   5.87   2.17   9.7
2018  72  0 52   351.3   5.82   2.13   9.6
2018  72  0 53   350.9   5.84   2.03   9.4
2018  72  0 54   351.4   6.02   2.08   9.6
2018  72  0 55   350.8   6.07   2.09   9.6
2018  72  0 56   347.4   5.58   1.94   9.1
2018  72  0 57   350.5   6.03   2.10   9.6
2018  72  0 58   350.2   6.08   2.12   9.6
2018  72  0 59   350.7   6.12   2.18   9.8
2018  72  1  0   350.1   6.14   2.22   9.9
2018  72  1  1   349.7   6.09   2.21   9.8
2018  72  1  2   349.2   5.82   2.20   9.5
2018  72  1  3   349.2   5.68   2.05   9.4
2018  72  1  4   349.2   5.60   1.97   9.4
2018  72  1  5   349.0   5.69   2.00   9.4
2018  72  1  6   348.9   5.90   2.08   9.6
2018  72  1  7   349.2   5.61   1.99   9.4
2018  72  1  8   349.7   5.84   2.07   9.6
2018  72  1  9   349.8   5.80   2.09   9.6
2018  72  1 10   350.8   5.81   2.16   9.8
2018  72  1 11   351.1   5.92   2.23   9.9
2018  72  1 12   350.2   5.71   2.23   9.8
2018  72  1 13   350.4   5.71   2.22   9.8
2018  72  1 14   351.1   5.73   2.12   9.6
2018  72  1 15   351.1   5.73   2.10   9.6
2018  72  1 16 99999.9 999.99 999.99 999.9
2018  72  1 17 99999.9 999.99 999.99 999.9
2018  72  1 18   350.2   6.34   2.55  10.4
2018  72  1 19   350.2   6.34   2.62  10.6
2018  72  1 20   349.4   5.93   2.31   9.9
2018  72  1 21   350.0   5.96   2.27   9.9
2018  72  1 22   350.0   5.94   2.52  10.5
2018  72  1 23 99999.9 999.99 999.99 999.9
2018  72  1 24   349.2   6.49   2.66  10.7
2018  72  1 25   349.2   6.49   2.73  10.8
2018  72  1 26   348.8   5.64   2.08   9.8
2018  72  1 27   348.8   5.65   2.10   9.8
2018  72  1 28   349.9   6.06   2.53  10.4
2018  72  1 29   350.5   6.02   2.33  10.0
2018  72  1 30   349.1   5.95   2.16   9.9
2018  72  1 31   348.7   5.83   2.03   9.5
2018  72  1 32   346.8   5.37   1.96   9.1
2018  72  1 33   346.7   5.33   1.95   9.1
2018  72  1 34 99999.9 999.99 999.99 999.9
2018  72  1 35   347.8   5.92   2.06   9.7
2018  72  1 36   348.1   5.87   2.10   9.7
2018  72  1 37   349.0   5.62   2.02   9.5
2018  72  1 38   349.2   5.57   1.99   9.4
2018  72  1 39   348.8   5.37   1.84   9.2
2018  72  1 40   348.8   5.37   1.84   9.2
2018  72  1 41   348.8   5.37   1.84   9.2
2018  72  1 42   347.5   5.44   1.87   9.2
2018  72  1 43   347.5   5.44   1.86   9.2
2018  72  1 44   347.7   5.44   1.87   9.2
2018  72  1 45   347.8   5.44   1.85   9.2
2018  72  1 46   347.9   5.47   1.89   9.3
2018  72  1 47   348.1   5.55   1.92   9.3
2018  72  1 48   348.3   5.56   1.94   9.4
2018  72  1 49   348.3   5.84   2.27   9.7
2018  72  1 50   347.9   5.69   2.14   9.6
2018  72  1 51   347.5   5.42   2.02   9.5
2018  72  1 52 99999.9 999.99 999.99 999.9
2018  72  1 53 99999.9 999.99 999.99 999.9
2018  72  1 54   350.2   6.20   2.53  10.7
2018  72  1 55   349.7   6.08   2.56  10.7
2018  72  1 56   349.0   6.39   2.96  10.9
2018  72  1 57   349.0   6.39   2.86  10.7
2018  72  1 58   349.9   6.22   2.61  10.8
2018  72  1 59   349.9   6.22   2.57  10.7
2018  72  2  0   348.8   6.16   2.73  10.8
2018  72  2  1   348.8   6.19   2.95  11.2
2018  72  2  2   350.2   6.31   3.08  11.4
2018  72  2  3   350.4   6.26   2.98  11.3
2018  72  2  4   350.7   6.25   2.92  11.2
2018  72  2  5   349.7   6.27   2.92  11.2
2018  72  2  6   349.7   6.27   2.96  11.3
2018  72  2  7   349.3   6.22   3.04  11.3
2018  72  2  8   349.3   6.22   2.98  11.2
2018  72  2  9 99999.9 999.99 999.99 999.9
2018  72  2 10   348.9   6.17   2.99  11.3
2018  72  2 11   348.9   6.17   3.01  11.3
2018  72  2 12   348.9   6.17   2.99  11.3
2018  72  2 13 99999.9 999.99 999.99 999.9
2018  72  2 14   348.6   6.19   2.98  11.2
2018  72  2 15   348.6   6.19   2.93  11.1
2018  72  2 16 99999.9 999.99 999.99 999.9
2018  72  2 17 99999.9 999.99 999.99 999.9
2018  72  2 18 99999.9 999.99 999.99 999.9
2018  72  2 19   350.0   6.07   2.73  10.8
2018  72  2 20   350.0   6.07   2.72  10.8
2018  72  2 21   350.0   6.07   2.72  10.8
2018  72  2 22   349.6   5.97   2.48  10.7
2018  72  2 23   349.6   5.96   2.53  10.7
2018  72  2 24   349.4   5.81   2.59  10.6
2018  72  2 25   349.1   5.79   2.63  10.8
2018  72  2 26   351.4   6.43   3.29  12.0
2018  72  2 27   351.4   6.44   3.41  12.2
2018  72  2 28 99999.9 999.99 999.99 999.9
2018  72  2 29   351.6   6.46   3.35  12.2
2018  72  2 30   351.6   6.46   3.32  12.2
2018  72  2 31 99999.9 999.99 999.99 999.9
2018  72  2 32   352.5   6.66   3.63  12.7
2018  72  2 33   352.5   6.66   3.43  12.4
2018  72  2 34   351.2   6.32   3.26  12.0
2018  72  2 35   351.2   6.32   3.26  12.0
2018  72  2 36   351.2   6.32   3.27  12.1
2018  72  2 37   351.4   6.49   3.28  12.2
2018  72  2 38   351.4   6.47   3.32  12.3
2018  72  2 39   351.6   6.40   3.27  12.3
2018  72  2 40 99999.9 999.99 999.99 999.9
2018  72  2 41   351.4   6.67   3.69  13.0
2018  72  2 42   351.4   6.67   3.82  13.2
2018  72  2 43   351.4   6.67   3.78  13.1
2018  72  2 44 99999.9 999.99 999.99 999.9
2018  72  2 45 99999.9 999.99 999.99 999.9
2018  72  2 46   345.0   6.97   3.95  12.8
2018  72  2 47   346.8   6.94   4.09  13.2
2018  72  2 48   349.7   6.94   4.03  13.3
2018  72  2 49   350.0   6.88   3.93  13.1
2018  72  2 50   349.7   6.75   3.61  12.5
2018  72  2 51   348.4   6.88   3.66  12.6
2018  72  2 52   348.4   6.88   3.53  12.3
2018  72  2 53   348.4   6.88   3.45  12.2
2018  72  2 54   349.5   6.75   3.35  12.1
2018  72  2 55   348.9   6.69   3.11  11.8
2018  72  2 56   348.5   6.57   3.02  11.6
2018  72  2 57   350.7   6.35   2.98  11.5
2018  72  2 58   350.1   6.39   2.86  11.4
2018  72  2 59   350.0   6.39   2.84  11.4
2018  72  3  0 99999.9 999.99 999.99 999.9
2018  72  3  1   348.9   6.15   2.78  11.2
2018  72  3  2   348.2   6.04   2.79  11.2
2018  72  3  3   349.9   6.26   2.88  11.5
2018  72  3  4   350.3   6.29   2.96  11.6
2018  72  3  5   350.0   6.30   3.12  11.8
2018  72  3  6   349.6   6.24   3.08  11.7
2018  72  3  7   349.5   6.00   2.79  11.4
2018  72  3  8   351.2   6.22   2.98  11.6
2018  72  3  9   350.8   6.29   2.95  11.5
2018  72  3 10   348.7   6.27   2.92  11.5
2018  72  3 11   350.2   6.51   3.17  12.0
2018  72  3 12   350.7   6.45   3.13  12.0
2018  72  3 13   350.6   6.43   3.13  11.9
2018  72  3 14   350.1   6.45   3.20  11.8
2018  72  3 15 99999.9 999.99 999.99 999.9
2018  72  3 16 99999.9 999.99 999.99 999.9
2018  72  3 17   348.5   5.61   2.24  10.1
2018  72  3 18   348.5   5.61   2.26  10.2
2018  72  3 19   345.9   5.62   2.24  10.1
2018  72  3 20   347.2   5.51   2.19  10.0
2018  72  3 21   349.3   5.38   2.17  10.0
2018  72  3 22   349.3   5.38   2.18  10.0
2018  72  3 23   348.6   5.50   2.22  10.1
2018  72  3 24   348.7   5.49   2.20  10.1
2018  72  3 25   349.1   5.43   2.18  10.0
2018  72  3 26   349.1   5.43   2.18  10.0
2018  72  3 27   349.2   5.61   2.27  10.2
2018  72  3 28   349.7   5.26   2.09   9.9
2018  72  3 29   350.0   5.10   2.03   9.8
2018  72  3 30 99999.9 999.99 999.99 999.9
2018  72  3 31   350.1   5.16   2.14  10.0
2018  72  3 32   350.1   5.16   2.49  10.8
2018  72  3 33   350.2   5.48   3.07  11.8
2018  72  3 34   350.6   5.82   3.59  12.5
2018  72  3 35   351.1   6.17   3.86  12.7
2018  72  3 36 99999.9 999.99 999.99 999.9
2018  72  3 37 99999.9 999.99 999.99 999.9
2018  72  3 38 99999.9 999.99 999.99 999.9
2018  72  3 39   350.8   6.01   3.74  12.9
2018  72  3 40   350.7   5.81   3.26  12.1
2018  72  3 41   351.5   5.68   3.17  11.9
2018  72  3 42   351.4   5.80   3.16  11.9
2018  72  3 43   352.2   5.74   3.12  11.8
2018  72  3 44   351.2   5.60   2.96  11.4
2018  72  3 45   351.2   5.24   2.64  10.9
2018  72  3 46   351.2   5.23   2.54  10.7
2018  72  3 47   352.2   5.68   2.88  11.4
2018  72  3 48   351.9   5.65   2.86  11.3
2018  72  3 49   349.7   5.40   3.28  12.1
2018  72  3 50   358.7   5.47   2.84  11.7
2018  72  3 51   362.2   5.53   2.85  12.0
2018  72  3 52   359.9   5.63   2.60  11.6
2018  72  3 53   359.8   5.64   2.51  11.4
2018  72  3 54   358.1   5.82   2.62  11.5
2018  72  3 55   357.7   5.84   2.69  11.6
2018  72  3 56   357.0   5.89   2.60  11.4
2018  72  3 57   357.6   5.87   2.69  11.6
2018  72  3 58   357.2   6.12   2.89  11.9
2018  72  3 59   356.0   6.06   2.99  12.0
2018  72  4  0   354.5   5.90   2.95  11.7
2018  72  4  1   356.0   5.70   3.30  12.5
2018  72  4  2   356.2   5.67   3.54  12.9
2018  72  4  3   352.1   6.16   4.41  13.7
2018  72  4  4   352.1   6.16   3.84  12.7
2018  72  4  5 99999.9 999.99 999.99 999.9
2018  72  4  6   358.1   5.54   2.63  11.4
2018  72  4  7   358.1   5.54   2.84  11.8
2018  72  4  8   356.4   5.75   2.81  11.6
2018  72  4  9   356.4   5.75   2.73  11.5
2018  72  4 10   356.4   5.75   2.90  11.8
2018  72  4 11 99999.9 999.99 999.99 999.9
2018  72  4 12   357.5   5.79   2.78  11.7
2018  72  4 13   357.5   5.79   2.97  12.1
2018  72  4 14   357.5   5.79   3.13  12.4
2018  72  4 15 99999.9 999.99 999.99 999.9
2018  72  4 16   357.6   6.03   3.35  12.8
2018  72  4 17   357.6   6.03   3.66  13.4
2018  72  4 18   356.9   6.32   3.99  13.8
2018  72  4 19   356.7   6.41   3.87  13.6
2018  72  4 20   356.1   6.36   3.53  12.9
2018  72  4 21   354.9   6.26 999.99 999.9
2018  72  4 22   360.8   6.11   3.53  13.3
2018  72  4 23   360.5   6.26   3.37  13.0
2018  72  4 24   360.0   6.60   3.78  13.7
2018  72  4 25 99999.9 999.99 999.99 999.9
2018  72  4 26   356.2   5.88   3.41  12.9
2018  72  4 27   356.2   5.88   3.23  12.6
2018  72  4 28   354.3   6.13   2.78  11.6
2018  72  4 29   353.8   6.18   3.16  12.3
2018  72  4 30   353.2   6.19   2.99  11.9
2018  72  4 31   354.4   5.81   2.93  11.9
2018  72  4 32   354.4   5.81   2.91  11.9
2018  72  4 33   354.2   6.11   3.15  12.2
2018  72  4 34   353.8   6.48   3.01  11.9
2018  72  4 35   356.3   6.29   2.82  11.8
2018  72  4 36   356.5   6.43   3.12  12.4
2018  72  4 37   355.8   7.94   3.74  13.5
2018  72  4 38   355.4   7.86   3.92  13.8
2018  72  4 39   354.8   7.70   3.82  13.7
2018  72  4 40   355.8   7.69   3.63  13.3
2018  72  4 41   355.9   7.69   3.65  13.4
2018  72  4 42   355.4   7.63   3.53  13.2
2018  72  4 43   354.9   7.84   4.21  14.4
2018  72  4 44   354.5   8.03   4.41  14.6
2018  72  4 45   355.4   8.22   4.13  14.2
2018  72  4 46   355.4   8.22   4.11  14.2
2018  72  4 47   357.2   7.77   4.37  14.7
2018  72  4 48   357.2   7.77   4.58  15.0
2018  72  4 49   356.9   7.67   3.79  13.7
2018  72  4 50   357.5   7.61   3.49  13.2
2018  72  4 51   358.3   7.52   3.54  13.3
2018  72  4 52   356.1   7.45   3.73  13.5
2018  72  4 53   356.1   7.56   5.48  16.4
2018  72  4 54   356.2   7.67   5.35  16.1
2018  72  4 55   356.5   7.65   5.42  16.3
2018  72  4 56   356.9   7.95   4.97  15.5
2018  72  4 57   357.0   7.82   5.37  16.2
2018  72  4 58   357.0   7.82   4.89  15.4
2018  72  4 59   356.0   7.82   5.35  16.0
2018  72  5  0   356.0   7.82   5.73  16.6
2018  72  5  1   356.1   7.81   5.65  16.5
2018  72  5  2   357.7   8.34   8.02  19.5
2018  72  5  3   357.0   8.26   7.21  18.5
2018  72  5  4   355.2   8.07   9.20  20.8
2018  72  5  5   352.1   8.26  13.87  24.9
2018  72  5  6   352.1   8.26  13.22  24.3
2018  72  5  7   350.5   8.46   8.76  19.7
2018  72  5  8   350.3   8.49   7.85  18.6
2018  72  5  9   359.8   8.83   8.04  19.7
2018  72  5 10   357.9   8.89   8.27  19.7
2018  72  5 11   352.6   9.06   7.65  18.3
2018  72  5 12   362.3   8.70   5.93  17.3
2018  72  5 13   362.4   8.72   6.44  18.1
2018  72  5 14   364.6   8.97   6.21  17.8
2018  72  5 15   365.6   9.10   6.39  18.0
2018  72  5 16   365.5   9.08   5.97  17.3
2018  72  5 17   365.0   9.15   6.63  18.0
2018  72  5 18 99999.9 999.99 999.99 999.9
2018  72  5 19 99999.9 999.99 999.99 999.9
2018  72  5 20 99999.9 999.99 999.99 999.9
2018  72  5 21   365.9   9.20   6.06  17.0
2018  72  5 22   365.9   9.20   5.64  16.4
2018  72  5 23 99999.9 999.99 999.99 999.9
2018  72  5 24 99999.9 999.99 999.99 999.9
2018  72  5 25   364.7  10.06   6.65  17.4
2018  72  5 26   363.7   9.99   6.09  16.7
2018  72  5 27   361.0   9.77   5.59  16.4
2018  72  5 28   363.0   9.84   6.05  17.0
2018  72  5 29   363.1  10.09   6.40  17.3
2018  72  5 30   367.5  10.04   6.03  17.3
2018  72  5 31   368.8  10.35   6.31  17.7
2018  72  5 32   366.1  10.09 999.99 999.9
2018  72  5 33   366.1  10.09   4.88  15.3
2018  72  5 34 99999.9 999.99 999.99 999.9
2018  72  5 35   368.6   9.63   5.18  16.1
2018  72  5 36   368.6   9.63   4.85  15.6
2018  72  5 37   368.5   9.68   4.34  14.9
2018  72  5 38   368.5   9.69   4.35  14.9
2018  72  5 39   368.8   9.92   4.41  15.0
2018  72  5 40   368.8   9.92   4.67  15.4
2018  72  5 41   368.8   9.92   4.52  15.2
2018  72  5 42 99999.9 999.99 999.99 999.9
2018  72  5 43   369.4   9.97   4.60  15.3
2018  72  5 44   368.9   9.33   4.14  14.6
2018  72  5 45   367.7   9.03   4.16  14.7
2018  72  5 46   367.2   9.22   3.94  14.2
2018  72  5 47 99999.9 999.99 999.99 999.9
2018  72  5 48   365.0  11.48   5.48  16.5
2018  72  5 49   365.0  11.48   6.12  17.4
2018  72  5 50 99999.9 999.99 999.99 999.9
2018  72  5 51   360.1  10.20   6.18  17.3
2018  72  5 52   360.1  10.20   6.00  17.0
2018  72  5 53 99999.9 999.99 999.99 999.9
2018  72  5 54   361.8  10.83   6.58  17.5
2018  72  5 55   361.5  10.13   6.28  17.5
2018  72  5 56   361.7   9.75   5.95  17.3
2018  72  5 57 99999.9 999.99 999.99 999.9
2018  72  5 58   358.9   9.47   5.83  17.0
2018  72  5 59   358.9   9.47   5.86  17.1
2018  72  6  0   360.6   9.76   6.01  17.3
2018  72  6  1   360.6   9.76   5.66  16.8
2018  72  6  2   357.6   9.86   5.47  16.4
2018  72  6  3   357.7   9.91   5.81  16.9
2018  72  6  4   358.5  10.51   6.99  18.3
2018  72  6  5   358.5  10.51   8.07  19.7
2018  72  6  6   356.1  10.10   6.34  17.5
2018  72  6  7   359.5  10.00   6.03  17.3
2018  72  6  8   361.9   9.76   6.33  17.9
2018  72  6  9   362.3   9.70   5.88  17.4
2018  72  6 10   361.8  10.44   6.39  17.4
2018  72  6 11   361.8  10.43   5.98  16.8
2018  72  6 12   361.0   9.48   5.42  16.5
2018  72  6 13   361.3   9.56   5.04  15.9
2018  72  6 14   361.6   9.64   5.51  16.6
2018  72  6 15   361.5   9.65   5.38  16.4
2018  72  6 16   361.5   9.65   4.75  15.4
2018  72  6 17   361.2   9.21   4.71  15.3
2018  72  6 18   361.2   9.21   4.66  15.2
2018  72  6 19   360.9   9.52   5.57  16.7
2018  72  6 20   360.9   9.52   6.73  18.4
2018  72  6 21   360.9   9.52   6.73  18.4
2018  72  6 22   361.3   9.93   6.62  17.9
2018  72  6 23   361.6   9.42   7.03  18.4
2018  72  6 24 99999.9 999.99 999.99 999.9
2018  72  6 25   362.1   9.01   7.31  18.9
2018  72  6 26   361.7   8.99   7.71  19.4
2018  72  6 27   359.8   8.98   7.45  19.0
2018  72  6 28   358.5  10.03   8.43  20.0
2018  72  6 29   361.5   9.56   7.75  19.6
2018  72  6 30   363.6   9.61   7.50  19.5
2018  72  6 31 99999.9 999.99 999.99 999.9
2018  72  6 32 99999.9 999.99 999.99 999.9
2018  72  6 33   359.1   9.57   6.72  17.9
2018  72  6 34   359.1   9.57   6.85  18.1
2018  72  6 35   361.8   9.62   7.45  19.3
2018  72  6 36   361.8   9.62   7.15  19.0
2018  72  6 37   358.2   9.63   7.17  18.7
2018  72  6 38   358.2   9.63   7.03  18.5
2018  72  6 39   358.9   9.58   7.16  18.7
2018  72  6 40   361.9  10.06   8.09  20.1
2018  72  6 41   360.9   9.95   7.52  19.3
2018  72  6 42   360.8   9.94   7.89  19.7
2018  72  6 43   360.5  10.48   6.40  17.7
2018  72  6 44   360.6   9.90   5.19  15.8
2018  72  6 45   360.6   9.64   5.65  16.5
2018  72  6 46   359.5   9.95   4.98  15.7
2018  72  6 47   359.5   9.95   4.72  15.2
2018  72  6 48   359.5  10.11   4.71  15.3
2018  72  6 49   359.5  10.14   4.47  14.9
2018  72  6 50   361.4   9.87   4.56  15.0
2018  72  6 51   361.4   9.87   4.51  14.9
2018  72  6 52   360.6   9.97   4.60  15.1
2018  72  6 53   360.6   9.97   4.32  14.7
2018  72  6 54   360.9  10.21   5.87  17.0
2018  72  6 55   360.6  10.14   5.59  16.5
2018  72  6 56   360.4  10.05   4.90  15.4
2018  72  6 57   361.0   9.45   4.11  14.2
2018  72  6 58   361.4   9.34   4.15  14.3
2018  72  6 59   359.8   9.40   4.06  14.1
2018  72  7  0   359.8   9.41   4.07  14.1
2018  72  7  1   358.2   9.59   3.92  13.7
2018  72  7  2   359.7   9.58   3.95  13.9
2018  72  7  3   361.0   9.93   5.06  15.8
2018  72  7  4   362.0  10.46   5.19  16.1
2018  72  7  5   361.8  10.58   5.02  15.9
2018  72  7  6 99999.9 999.99 999.99 999.9
2018  72  7  7   361.9  10.24   5.13  16.0
2018  72  7  8   361.9  10.24   5.08  16.0
2018  72  7  9   361.2   9.83   4.66  15.2
2018  72  7 10   361.2   9.83   4.84  15.5
2018  72  7 11   360.9   9.92   4.71  15.2
2018  72  7 12   360.9   9.92   4.76  15.3
2018  72  7 13   361.4   9.95   4.96  15.7
2018  72  7 14   361.4   9.95   5.19  16.0
2018  72  7 15   360.7   9.97   5.18  16.0
2018  72  7 16   360.7   9.97   5.15  16.0
2018  72  7 17   361.3   9.94   4.98  15.8
2018  72  7 18   361.3   9.93   5.13  16.0
2018  72  7 19   360.8   9.86   5.29  16.0
2018  72  7 20   361.0  10.29   5.47  16.5
2018  72  7 21   360.6  10.08   5.72  16.8
2018  72  7 22   360.4   9.90   5.28  16.2
2018  72  7 23   360.5   9.76   5.38  16.3
2018  72  7 24   361.4  10.04   5.62  16.7
2018  72  7 25   361.8  10.10   5.76  17.0
2018  72  7 26   361.9  10.11   5.67  16.8
2018  72  7 27   361.3   9.88   5.59  16.7
2018  72  7 28   361.3   9.88   4.08  14.2
2018  72  7 29   356.0   6.72   2.06  10.1
2018  72  7 30   356.0   6.72   2.03  10.0
2018  72  7 31   356.8   6.78   2.03  10.0
2018  72  7 32   356.8   6.78   2.20  10.4
2018  72  7 33 99999.9 999.99 999.99 999.9
2018  72  7 34   356.8   9.28   4.85  15.3
2018  72  7 35   356.8   9.28   4.59  14.8
2018  72  7 36   356.9   8.93   4.06  14.1
2018  72  7 37   357.0   8.80   3.81  13.7
2018  72  7 38   353.2   7.87   3.60  13.1
2018  72  7 39   353.2   7.87   4.04  13.9
2018  72  7 40   354.6   8.38   4.23  14.6
2018  72  7 41   354.3   7.88   2.85  12.0
2018  72  7 42   354.2   7.23   2.37  11.0
2018  72  7 43   356.3   7.06   2.25  10.9
2018  72  7 44   355.8   6.95   2.21  10.8
2018  72  7 45   355.6   6.93   2.21  10.8
2018  72  7 46   355.9   6.95   2.27  10.9
2018  72  7 47   356.2   7.26   2.32  11.0
2018  72  7 48   356.3   7.42   2.35  11.1
2018  72  7 49   356.6   7.40   2.29  11.0
2018  72  7 50   356.6   7.40   2.34  11.1
2018  72  7 51   354.3   7.69   2.51  11.3
2018  72  7 52   354.3   7.67   2.40  11.1
2018  72  7 53   353.9   6.99   2.21  10.7
2018  72  7 54   353.7   7.31   2.32  11.0
2018  72  7 55   353.7   7.41   2.37  11.1
2018  72  7 56   354.4   7.61   2.28  11.0
2018  72  7 57   355.0   7.09   2.02  10.4
2018  72  7 58   355.4   6.97   2.10  10.6
2018  72  7 59   355.4   6.87   2.05  10.5
2018  72  8  0   354.9   6.75   2.02  10.4
2018  72  8  1   355.1   6.80   2.07  10.5
2018  72  8  2   355.1   6.80   2.11  10.6
2018  72  8  3   354.6   7.27   2.43  11.4
2018  72  8  4   354.5   7.39   2.47  11.4
2018  72  8  5   355.8   7.41   2.61  11.8
2018  72  8  6   356.8   7.51   2.68  11.9
2018  72  8  7   357.3   7.57   2.70  11.9
2018  72  8  8   355.0   7.41   2.53  11.6
2018  72  8  9   355.0   7.41   2.41  11.3
2018  72  8 10   355.4   7.81   2.75  12.1
2018  72  8 11   355.6   8.02   2.82  12.2
2018  72  8 12   354.7   7.64   2.64  11.8
2018  72  8 13   354.6   8.68   3.61  13.8
2018  72  8 14   354.6   8.89   3.55  13.7
2018  72  8 15   354.5   9.06   3.58  13.8
2018  72  8 16   353.6   9.06   3.61  13.8
2018  72  8 17   353.5   9.06   3.65  13.9
2018  72  8 18   353.9  10.00   3.94  14.5
2018  72  8 19   353.9  10.00   4.08  14.7
2018  72  8 20   349.9   9.35   3.74  14.0
2018  72  8 21   350.0   9.37   3.53  13.6
2018  72  8 22   351.4   9.67   3.74  13.9
2018  72  8 23   351.9   9.87   3.83  14.1
2018  72  8 24   352.6  10.14   3.96  14.2
2018  72  8 25   352.6  10.14   4.00  14.3
2018  72  8 26   351.5   9.84   3.42  13.3
2018  72  8 27   351.1   9.67   3.33  13.2
2018  72  8 28   350.6   9.42   3.28  13.0
2018  72  8 29   351.0   9.31   3.81  14.1
2018  72  8 30   350.6   9.44   4.20  14.8
2018  72  8 31   349.1   9.96   5.12  16.2
2018  72  8 32   352.4  10.55   5.51  16.9
2018  72  8 33   353.0  10.67   5.78  17.3
2018  72  8 34   353.6  11.06   5.68  17.2
2018  72  8 35   354.4  10.64   5.36  16.8
2018  72  8 36   354.6  10.49   4.97  16.2
2018  72  8 37   354.8  10.02   4.75  15.8
2018  72  8 38   355.0  10.32   5.24  16.5
2018  72  8 39   355.1  10.50   4.64  15.5
2018  72  8 40   354.4   9.12   3.99  14.2
2018  72  8 41   356.2   9.84   4.44  15.2
2018  72  8 42   356.6  10.01   4.78  15.8
2018  72  8 43   355.5  10.15   4.43  15.0
2018  72  8 44   355.5  10.15   4.16  14.6
2018  72  8 45   355.8   9.36   3.73  13.9
2018  72  8 46   355.8   9.36   4.01  14.4
2018  72  8 47   355.7  10.65   5.11  16.3
2018  72  8 48   356.5  10.23   4.42  15.2
2018  72  8 49   357.4   9.72   4.58  15.5
2018  72  8 50   357.3   9.66   4.23  15.0
2018  72  8 51   357.2   9.51   4.01  14.6
2018  72  8 52   357.0   9.14   3.91  14.4
2018  72  8 53   357.5   9.02   3.97  14.5
2018  72  8 54   357.5   9.01   4.53  15.5
2018  72  8 55   355.7  10.35   5.37  16.7
2018  72  8 56   355.7  10.35   5.01  16.1
2018  72  8 57   353.8  10.62   5.10  16.1
2018  72  8 58   353.8  10.62   5.01  15.9
2018  72  8 59   353.9  10.37   4.96  15.9
2018  72  9  0   354.0  10.15   4.73  15.6
2018  72  9  1   355.6   9.90   4.58  15.5
2018  72  9  2   356.0   9.81   4.42  15.2
2018  72  9  3   356.8   9.58   4.19  14.8
2018  72  9  4   355.4   9.38   4.21  14.8
2018  72  9  5   355.3   9.37   4.50  15.3
2018  72  9  6   350.1   9.54   3.93  14.0
2018  72  9  7   350.1   9.54   3.42  13.1
2018  72  9  8   352.7   8.09   2.99  12.2
2018  72  9  9   352.7   8.09   3.08  12.4
2018  72  9 10   351.7   8.20   2.98  12.1
2018  72  9 11   352.1   7.94   2.98  12.2
2018  72  9 12   352.3   7.75   3.09  12.4
2018  72  9 13   350.1   8.49   3.48  13.1
2018  72  9 14   350.0   8.53   3.49  13.1
2018  72  9 15   350.9   9.09   3.77  13.5
2018  72  9 16   351.8   9.08   3.96  13.9
2018  72  9 17   353.5   9.05   3.83  13.9
2018  72  9 18   354.6   8.96   3.82  13.9
2018  72  9 19   354.7   8.80   3.71  13.7
2018  72  9 20   354.9   8.75   3.65  13.6
2018  72  9 21   356.9   8.88   3.82  14.1
2018  72  9 22   356.5   9.15   4.16  14.6
2018  72  9 23   356.8   9.11   3.96  14.2
2018  72  9 24   358.0   8.89   3.87  14.2
2018  72  9 25   357.3   8.78   3.83  14.2
2018  72  9 26   357.2   8.79   4.00  14.5
2018  72  9 27   355.0   9.02   4.43  15.1
2018  72  9 28   355.2   8.94   4.44  15.0
2018  72  9 29   357.0   9.10   4.24  14.7
2018  72  9 30   357.6   9.18   4.38  15.0
2018  72  9 31   357.5   9.19   4.40  15.1
2018  72  9 32   358.4   9.05   4.52  15.3
2018  72  9 33   358.9   9.42   4.89  15.9
2018  72  9 34   359.3   9.50   4.93  16.0
2018  72  9 35   359.5   9.52   5.02  16.2
2018  72  9 36   359.4   9.49   5.02  16.2
2018  72  9 37   359.6   9.34   4.95  16.1
2018  72  9 38   359.3   9.23   4.60  15.5
2018  72  9 39   359.0   9.24   4.64  15.6
2018  72  9 40   357.9   9.37   5.00  16.1
2018  72  9 41   357.9   9.51   5.05  16.2
2018  72  9 42   357.5   9.33   4.84  15.7
2018  72  9 43   357.8   9.27   4.94  16.0
2018  72  9 44   358.1   9.19   4.89  16.0
2018  72  9 45   358.0   9.11   4.85  15.9
2018  72  9 46   357.9   9.48   5.01  16.2
2018  72  9 47   356.6   8.72   4.47  15.3
2018  72  9 48   355.5   8.81   4.75  15.7
2018  72  9 49   354.5   8.90   4.81  15.7
2018  72  9 50   353.9   8.84   4.88  15.8
2018  72  9 51   354.4   9.05   5.07  16.2
2018  72  9 52   355.5   9.12   5.13  16.3
2018  72  9 53   355.7   9.14   5.48  16.8
2018  72  9 54   355.7   9.14   5.56  16.9
2018  72  9 55   354.0   9.08   5.47  16.8
2018  72  9 56   355.1   9.10   5.53  16.9
2018  72  9 57   355.5   9.11   5.58  17.0
2018  72  9 58 99999.9 999.99 999.99 999.9
2018  72  9 59   355.6   9.04   5.58  17.1
2018  72 10  0   355.6   9.04   5.51  17.0
2018  72 10  1   355.1   9.20   5.66  17.2
2018  72 10  2   355.1   9.20   5.59  17.0
2018  72 10  3   355.1   9.20   5.63  17.1
2018  72 10  4   355.1   8.96   5.49  16.9
2018  72 10  5   355.1   8.96   5.42  16.8
2018  72 10  6   355.9   9.21   5.72  17.2
2018  72 10  7   355.9   9.21   5.86  17.4
2018  72 10  8   358.3   8.50   5.35  17.0
2018  72 10  9   358.7   8.51   5.57  17.3
2018  72 10 10   359.3   9.24   6.14  18.1
2018  72 10 11   359.3   9.24   6.02  18.0
2018  72 10 12 99999.9 999.99 999.99 999.9
2018  72 10 13   353.8   9.48   6.62  18.3
2018  72 10 14   353.8   9.47   6.71  18.5
2018  72 10 15   353.7   9.41   6.30  17.7
2018  72 10 16   353.7   9.41   6.10  17.4
2018  72 10 17   357.5   8.84   5.66  17.3
2018  72 10 18   357.5   8.84   5.70  17.3
2018  72 10 19   355.2   8.87   5.66  17.1
2018  72 10 20   355.2   8.87   5.77  17.3
2018  72 10 21   356.0   8.97   6.30  18.1
2018  72 10 22   356.1   8.98   6.90  19.0
2018  72 10 23   358.2   8.92   6.02  17.8
2018  72 10 24   358.9   8.92   6.18  18.1
2018  72 10 25   359.7   8.94   6.01  17.9
2018  72 10 26   359.3   8.79   6.21  18.1
2018  72 10 27   359.3   8.78   8.71  21.5
2018  72 10 28   360.5   8.75   9.01  21.4
2018  72 10 29   360.5   8.75   8.94  21.3
2018  72 10 30   360.3   8.59   8.93  21.2
2018  72 10 31   360.3   8.59   8.58  20.8
2018  72 10 32   359.6   8.82   8.77  20.9
2018  72 10 33   359.6   8.82   8.63  20.8
2018  72 10 34 99999.9 999.99 999.99 999.9
2018  72 10 35 99999.9 999.99 999.99 999.9
2018  72 10 36   358.8   8.49   8.30  20.4
2018  72 10 37   358.8   8.49   8.17  20.3
2018  72 10 38   358.3   8.25   7.80  19.8
2018  72 10 39   358.3   8.25   7.69  19.6
2018  72 10 40   358.2   8.46   7.96  19.9
2018  72 10 41   358.2   8.39   7.90  19.8
2018  72 10 42   358.1   8.20   7.72  19.6
2018  72 10 43   358.5   8.51   7.77  19.7
2018  72 10 44   358.6   8.57   8.44  20.6
2018  72 10 45   358.1   8.39   7.95  20.0
2018  72 10 46   358.9   8.32   8.03  20.2
2018  72 10 47   361.5   8.11   7.24  19.5
2018  72 10 48   360.4   8.17   7.61  19.7
2018  72 10 49   360.2   8.18   7.88  20.0
2018  72 10 50   361.4   8.49   6.94  19.2
2018  72 10 51   361.5   8.52   7.19  19.6
2018  72 10 52   361.6   9.03   8.65  20.9
2018  72 10 53   361.6   9.03   9.13  21.5
2018  72 10 54   361.4   8.60   7.24  19.6
2018  72 10 55   361.4   8.55   7.54  20.0
2018  72 10 56   361.5   8.45   8.08  20.7
2018  72 10 57   362.2   8.43   7.91  20.5
2018  72 10 58   362.4   8.42   8.15  20.9
2018  72 10 59   362.2   8.26   7.71  20.2
2018  72 11  0   362.2   8.24   7.93  20.5
2018  72 11  1   362.1   8.18   7.60  20.1
2018  72 11  2   362.8   8.03   7.81  20.3
2018  72 11  3   363.0   7.97   8.64  21.3
2018  72 11  4   362.8   8.32   9.08  21.8
2018  72 11  5   362.8   8.32   8.71  21.4
2018  72 11  6   363.3   8.31   9.26  22.0
2018  72 11  7   363.3   8.31   8.01  20.5
2018  72 11  8   363.2   8.06   7.85  20.3
2018  72 11  9   363.2   8.06   7.55  19.9
2018  72 11 10   362.3   8.23   8.17  20.3
2018  72 11 11   362.3   8.23   9.15  21.5
2018  72 11 12   362.7   8.30   9.91  22.7
2018  72 11 13   362.6   8.24   8.35  20.9
2018  72 11 14   362.5   8.17   7.60  20.0
2018  72 11 15   362.9   8.06   7.47  19.9
2018  72 11 16   362.9   8.06   7.30  19.7
2018  72 11 17   362.1   8.17   7.37  19.8
2018  72 11 18   362.1   8.17   7.31  19.7
2018  72 11 19   362.1   8.02   7.19  19.6
2018  72 11 20   362.1   8.02   7.03  19.3
2018  72 11 21   362.4   8.04   7.16  19.5
2018  72 11 22   362.4   8.04   7.38  19.8
2018  72 11 23   362.1   8.05   7.57  20.1
2018  72 11 24   362.1   8.05   7.46  19.9
2018  72 11 25   362.1   8.05   7.57  20.1
2018  72 11 26   361.9   8.12   7.47  20.0
2018  72 11 27   361.9   8.12   7.53  20.1
2018  72 11 28   362.8   8.14   7.61  20.1
2018  72 11 29   362.8   8.14   7.73  20.2
2018  72 11 30   362.8   8.14   7.85  20.4
2018  72 11 31 99999.9 999.99 999.99 999.9
2018  72 11 32   363.9   8.36   8.32  20.9
2018  72 11 33   363.2   8.36   8.87  21.7
2018  72 11 34   362.6   8.35   8.88  21.8
2018  72 11 35 99999.9 999.99 999.99 999.9
2018  72 11 36   361.3   8.16   8.84  21.7
2018  72 11 37   361.3   8.16   9.15  22.1
2018  72 11 38   361.4   8.23   8.97  21.9
2018  72 11 39   361.4   8.23   8.60  21.4
2018  72 11 40   361.7   8.59   9.16  22.0
2018  72 11 41   361.6   8.58  10.14  23.1
2018  72 11 42   360.0   8.41  12.15  25.2
2018  72 11 43   359.7   8.47  21.39  33.3
2018  72 11 44   359.9   8.61  19.34  31.6
2018  72 11 45   360.3   8.57  12.99  26.0
2018  72 11 46   360.8   8.52  11.94  25.2
2018  72 11 47   360.9   8.51  12.22  25.6
2018  72 11 48   362.4   8.61  11.91  25.3
2018  72 11 49   362.2   8.52  11.56  24.9
2018  72 11 50   361.8   8.27  10.75  24.1
2018  72 11 51   361.5   8.07  10.43  23.8
2018  72 11 52   361.6   8.39  10.78  24.1
2018  72 11 53   361.7   8.33  11.43  24.9
2018  72 11 54   362.2   7.96  11.31  24.7
2018  72 11 55   362.1   8.35  11.95  25.3
2018  72 11 56   361.7   8.40  11.25  24.5
2018  72 11 57   360.8   8.15  11.01  24.3
2018  72 11 58   360.8   8.15  11.01  24.3
2018  72 11 59   358.1   8.01  10.45  23.7
2018  72 12  0   358.3   8.22  11.17  24.1
2018  72 12  1   358.4   8.33  11.18  23.9
2018  72 12  2   358.7   8.39  11.30  24.4
2018  72 12  3   358.7   8.39  11.41  24.5
2018  72 12  4   358.6   8.30  11.13  24.3
2018  72 12  5   358.3   8.30  11.03  24.1
2018  72 12  6   357.9   8.31  11.37  24.4
2018  72 12  7   357.6   8.36  12.15  25.2
2018  72 12  8   356.3   8.15  11.44  24.3
2018  72 12  9   356.2   8.13  10.89  23.7
2018  72 12 10   358.7   8.30  11.02  24.0
2018  72 12 11   359.9   8.18  10.40  23.5
2018  72 12 12   357.1   8.26  10.85  24.0
2018  72 12 13   357.6   8.44  11.76  25.0
2018  72 12 14   358.1   8.73  12.64  25.8
2018  72 12 15   358.7   8.51  12.08  25.2
2018  72 12 16   358.7   8.47  11.47  24.5
2018  72 12 17   358.7   8.47  13.41  26.5
2018  72 12 18 99999.9 999.99 999.99 999.9
2018  72 12 19   364.1   6.31   4.74  15.8
2018  72 12 20   364.1   6.31   4.58  15.6
2018  72 12 21   364.0   6.83   6.07  17.9
2018  72 12 22   364.5   7.11   6.14  17.9
2018  72 12 23   365.1   6.60   5.15  16.4
2018  72 12 24   364.6   5.90   4.80  15.8
2018  72 12 25   364.6   5.90   4.80  15.8
2018  72 12 26   364.7   6.03   4.89  15.8
2018  72 12 27   364.7   6.03   4.66  15.4
2018  72 12 28   365.4   5.74   4.38  15.1
2018  72 12 29   365.4   5.74   4.47  15.3
2018  72 12 30   364.6   6.07   4.88  15.6
2018  72 12 31   364.6   6.07   4.91  15.7
2018  72 12 32   364.7   6.07   4.68  15.5
2018  72 12 33   364.7   6.07   4.61  15.5
2018  72 12 34   364.7   6.07   4.49  15.3
2018  72 12 35 99999.9 999.99 999.99 999.9
2018  72 12 36   362.7   5.78   4.41  15.2
2018  72 12 37   362.7   5.78   4.47  15.3
2018  72 12 38 99999.9 999.99 999.99 999.9
2018  72 12 39 99999.9 999.99 999.99 999.9
2018  72 12 40   363.0   6.24   4.78  15.5
2018  72 12 41   363.0   6.24   4.72  15.4
2018  72 12 42   363.0   6.24 999.99 999.9
2018  72 12 43 99999.9 999.99 999.99 999.9
2018  72 12 44 99999.9 999.99 999.99 999.9
2018  72 12 45   365.4   5.65   3.71  13.9
2018  72 12 46   365.4   5.56   3.72  13.9
2018  72 12 47   364.8   5.57   3.79  14.0
2018  72 12 48   364.2   5.75   4.12  14.4
2018  72 12 49   363.7   5.89   4.37  14.7
2018  72 12 50   364.4   5.68   4.18  14.7
2018  72 12 51   365.8   5.66   4.02  14.5
2018  72 12 52   365.6   5.66   3.87  14.2
2018  72 12 53   365.6   5.99   4.39  15.1
2018  72 12 54   364.4   5.78   4.23  14.7
2018  72 12 55   364.3   5.73   4.30  14.9
2018  72 12 56   364.5   5.72   4.31  14.9
2018  72 12 57   364.5   5.65   4.27  14.8
2018  72 12 58   363.7   5.63   4.23  14.7
2018  72 12 59   363.2   5.62   4.20  14.6
2018  72 13  0   363.6   5.57   4.11  14.5
2018  72 13  1   363.4   5.80   4.64  15.1
2018  72 13  2   363.3   5.89   5.08  15.7
2018  72 13  3   363.5   5.66   5.25  16.4
2018  72 13  4   363.5   5.66   5.95  17.4
2018  72 13  5   363.2   5.84   6.99  18.7
2018  72 13  6   363.2   5.85   7.51  19.3
2018  72 13  7   362.9   5.94   7.88  19.7
2018  72 13  8   363.3   5.80   7.68  19.4
2018  72 13  9   363.5   5.76   7.24  18.9
2018  72 13 10   363.7   5.81   8.26  20.2
2018  72 13 11   363.7   5.82   8.66  20.7
2018  72 13 12   363.9   5.87   9.04  21.2
2018  72 13 13   364.3   5.87   9.56  21.7
2018  72 13 14   364.1   5.83   8.57  20.5
2018  72 13 15   364.0   5.78   7.01  18.6
2018  72 13 16   364.0   5.75   6.89  18.5
2018  72 13 17   363.6   6.09   7.80  19.3
2018  72 13 18   362.5   5.83   6.98  18.5
2018  72 13 19   362.2   5.77   6.90  18.4
2018  72 13 20   362.2   5.77   6.62  18.1
2018  72 13 21   361.4   5.89   6.70  18.1
2018  72 13 22   361.4   5.87   6.50  17.9
2018  72 13 23   361.1   5.71   5.02  15.8
2018  72 13 24   360.4   5.57   4.49  15.0
2018  72 13 25   360.1   5.58   4.45  14.9
2018  72 13 26   361.1   5.91   4.87  15.3
2018  72 13 27   361.1   5.92   4.89  15.4
2018  72 13 28   360.5   5.56   4.73  15.2
2018  72 13 29   360.5   5.56   4.70  15.2
2018  72 13 30   360.6   5.53   4.55  15.0
2018  72 13 31   360.6   5.53   4.65  15.2
2018  72 13 32   362.9   5.56   4.56  15.2
2018  72 13 33   362.9   5.56   4.53  15.1
2018  72 13 34   361.3   5.95   4.87  15.2
2018  72 13 35   361.3   5.95   4.77  15.1
2018  72 13 36   362.3   5.87   4.45  14.8
2018  72 13 37   362.3   5.78   4.14  14.3
2018  72 13 38   363.0   5.68   3.97  14.1
2018  72 13 39   363.5   5.63   3.91  14.0
2018  72 13 40   361.4   5.70   3.95  14.0
2018  72 13 41   361.4   5.70   4.16  14.4
2018  72 13 42   360.7   5.82   4.52  14.9
2018  72 13 43   360.6   5.83   4.82  15.4
2018  72 13 44   360.3   5.81   4.51  14.9
2018  72 13 45   360.7   5.80   4.63  15.1
2018  72 13 46   360.1   5.90   4.52  14.8
2018  72 13 47   361.2   5.81   4.33  14.6
2018  72 13 48   361.2   5.81   4.36  14.7
2018  72 13 49   360.8   5.93   4.64  14.9
2018  72 13 50   360.8   5.93   4.74  15.1
2018  72 13 51   360.6   5.69   4.38  14.8
2018  72 13 52   360.6   5.68   4.19  14.5
2018  72 13 53   359.2   5.75   4.26  14.5
2018  72 13 54   359.1   5.75   4.45  14.7
2018  72 13 55   358.5   5.77   4.77  15.2
2018  72 13 56   358.4   5.77   4.91  15.4
2018  72 13 57   358.9   5.90   4.84  15.3
2018  72 13 58   358.9   5.91   4.75  15.1
2018  72 13 59   358.8   6.05   4.76  15.2
2018  72 14  0   358.8   6.05   4.86  15.4
2018  72 14  1   358.4   5.94   4.61  15.0
2018  72 14  2   358.4   5.93   4.94  15.5
2018  72 14  3   359.0   5.84   5.38  16.1
2018  72 14  4   358.8   5.78   5.24  15.9
2018  72 14  5   358.7   5.75   4.68  15.0
2018  72 14  6   359.5   5.94   4.72  15.2
2018  72 14  7   359.5   5.94   5.25  16.0
2018  72 14  8   358.1   6.15   5.72  16.4
2018  72 14  9   358.3   6.15   5.33  15.9
2018  72 14 10   359.4   6.17   5.04  15.7
2018  72 14 11   359.4   6.00   4.87  15.4
2018  72 14 12   359.1   6.01   4.95  15.6
2018  72 14 13   358.8   6.03   5.00  15.6
2018  72 14 14   359.3   6.08   5.24  16.0
2018  72 14 15   359.1   6.08   5.26  16.0
2018  72 14 16   357.3   6.07   5.68  16.4
2018  72 14 17   358.6   5.78   5.23  15.8
2018  72 14 18   358.8   5.73   4.68  15.0
2018  72 14 19   357.9   5.80   4.81  15.2
2018  72 14 20   357.9   5.80   4.62  14.9
2018  72 14 21   357.6   5.80   4.66  14.8
2018  72 14 22   358.0   5.92   5.13  15.6
2018  72 14 23   358.2   5.99   5.30  15.9
2018  72 14 24   358.6   5.87   5.13  15.5
2018  72 14 25   358.7   5.86   4.92  15.2
2018  72 14 26   360.4   5.64   4.35  14.8
2018  72 14 27   360.4   5.64   4.53  15.1
2018  72 14 28 99999.9 999.99 999.99 999.9
2018  72 14 29   358.0   5.72   4.93  15.5
2018  72 14 30   358.0   5.72   4.97  15.5
2018  72 14 31   357.7   5.73   4.80  15.2
2018  72 14 32   357.7   5.73   4.60  14.9
2018  72 14 33   357.7   5.73   4.73  15.1
2018  72 14 34 99999.9 999.99 999.99 999.9
2018  72 14 35   359.1   6.05   4.87  15.3
2018  72 14 36   358.5   5.82   4.71  15.1
2018  72 14 37   358.0   5.64 999.99 999.9
2018  72 14 38   359.1   5.62   4.17  14.3
2018  72 14 39   359.7   5.63   4.18  14.4
2018  72 14 40   361.1   5.82   4.54  15.0
2018  72 14 41   361.2   5.88   4.35  14.7
2018  72 14 42   361.2   5.88   4.44  14.8
2018  72 14 43   359.1   6.06   4.93  15.6
2018  72 14 44   358.8   6.09   5.10  15.8
2018  72 14 45   357.7   6.18   5.20  15.7
2018  72 14 46   356.9   6.21   5.38  16.1
2018  72 14 47   356.8   6.21   5.82  16.8
2018  72 14 48   356.0   6.09   5.42  16.2
2018  72 14 49   356.1   6.07   4.99  15.6
2018  72 14 50   355.6   5.60   5.53  16.4
2018  72 14 51   353.4   5.21   6.71  18.1
2018  72 14 52 99999.9 999.99 999.99 999.9
2018  72 14 53   347.4   6.89   9.67  20.9
2018  72 14 54   347.4   6.89   9.50  20.7
2018  72 14 55   345.0   6.87  10.79  21.9
2018  72 14 56   344.9   6.87  12.42  23.5
2018  72 14 57   342.6   6.71  11.15  22.2
2018  72 14 58   343.8   6.73   9.44  20.5
2018  72 14 59   350.4   6.82   7.43  18.4
2018  72 15  0   352.1   6.83   8.69  19.9
2018  72 15  1   353.3   6.75   6.85  17.7
2018  72 15  2   354.6   6.39   6.78  17.9
2018  72 15  3   354.2   6.62   6.02  16.9
2018  72 15  4   354.2   6.26   6.35  17.4
2018  72 15  5   354.2   6.26   8.78  20.5
2018  72 15  6   354.1   7.14   9.57  21.2
2018  72 15  7   354.1   7.14   9.75  21.4
2018  72 15  8   354.6   6.91   9.20  20.8
2018  72 15  9   354.6   6.91   9.54  21.2
2018  72 15 10   355.1   7.00   9.25  21.0
2018  72 15 11   355.3   6.97  10.51  22.3
2018  72 15 12   355.4   6.90  10.20  21.9
2018  72 15 13 99999.9 999.99 999.99 999.9
2018  72 15 14   353.4   6.85   7.28  18.5
2018  72 15 15   353.2   6.71   6.57  17.6
2018  72 15 16   352.6   6.34   6.75  17.9
2018  72 15 17   354.1   6.78   7.00  17.9
2018  72 15 18   354.0   6.56   6.13  16.9
2018  72 15 19   354.0   6.37   5.66  16.2
2018  72 15 20   351.8   6.68   8.12  19.3
2018  72 15 21   351.8   6.68   8.12  19.3
2018  72 15 22   351.7   6.72   7.62  18.8
2018  72 15 23   351.7   6.72   5.43  15.8
2018  72 15 24   352.3   6.27   4.91  15.2
2018  72 15 25   352.5   6.14   5.90  16.7
2018  72 15 26   352.4   6.34   9.10  20.7
2018  72 15 27   352.4   6.75  10.33  21.9
2018  72 15 28   352.4   7.15  11.24  22.7
2018  72 15 29   352.6   7.17  10.43  21.9
2018  72 15 30   352.6   7.22   9.66  21.0
2018  72 15 31   352.7   7.32   9.66  20.8
2018  72 15 32   353.4   7.24   9.77  21.0
2018  72 15 33   353.4   7.24   9.85  21.1
2018  72 15 34   353.1   7.35  10.14  21.4
2018  72 15 35   353.3   7.21   8.92  20.1
2018  72 15 36   349.4   6.74   6.32  16.4
2018  72 15 37   341.7   6.23   5.27  14.2
2018  72 15 38   347.3   6.00   4.35  13.9
2018  72 15 39   347.3   6.00   4.38  13.9
2018  72 15 40   348.6   6.26   5.58  15.7
2018  72 15 41   348.6   6.26   5.50  15.6
2018  72 15 42   348.2   6.04   4.71  14.4
2018  72 15 43   348.2   6.04   4.56  14.2
2018  72 15 44   346.4   5.81   4.19  13.9
2018  72 15 45   347.1   5.78   3.92  13.5
2018  72 15 46   349.7   5.62   3.80  13.4
2018  72 15 47   349.8   5.69   3.84  13.4
2018  72 15 48   349.8   5.70   4.08  13.8
2018  72 15 49   346.2   6.60   6.94  17.3
2018  72 15 50   346.2   6.60   6.48  16.7
2018  72 15 51   346.2   6.60   5.94  16.0
2018  72 15 52   347.3   5.90   5.04  15.2
2018  72 15 53   347.5   5.90   5.12  15.3
2018  72 15 54   349.2   5.92   5.21  15.5
2018  72 15 55   349.6   5.92   5.29  15.6
2018  72 15 56   351.7   5.95   5.28  15.7
2018  72 15 57   351.7   6.07   5.34  15.8
2018  72 15 58   351.7   6.46   5.42  16.0
2018  72 15 59   352.9   6.30   5.50  16.3
2018  72 16  0   353.0   6.28   5.31  16.0
2018  72 16  1   354.3   6.36   5.50  16.3
2018  72 16  2   355.1   6.33   5.38  16.2
2018  72 16  3   356.9   6.26   5.38  16.3
2018  72 16  4   358.9   5.99   4.94  15.9
2018  72 16  5   358.9   5.99   5.61  17.0
2018  72 16  6   358.3   6.24   5.29  16.3
2018  72 16  7   358.3   6.25  14.22  26.7
2018  72 16  8   352.8   7.36  28.07  36.0
2018  72 16  9   352.8   7.36  25.33  34.2
2018  72 16 10 99999.9 999.99 999.99 999.9
2018  72 16 11 99999.9 999.99 999.99 999.9
2018  72 16 12   351.0   7.17  16.09  27.5
2018  72 16 13   353.0   7.27  11.33  23.2
2018  72 16 14   357.2   6.59   6.98  18.2
2018  72 16 15   358.2   6.38   6.44  17.5
2018  72 16 16   357.1   6.08   5.28  15.6
2018  72 16 17   357.1   6.08   5.09  15.3
2018  72 16 18   357.6   6.26   5.23  15.7
2018  72 16 19   357.7   6.29   5.10  15.5
2018  72 16 20   357.2   6.13   5.13  15.3
2018  72 16 21   357.2   6.13   5.10  15.2
2018  72 16 22   356.7   6.17   5.35  15.5
2018  72 16 23   356.7   6.17   5.32  15.4
2018  72 16 24   355.6   6.40   6.66  16.7
2018  72 16 25   356.4   6.46   7.12  17.4
2018  72 16 26   355.9   6.72   8.18  18.5
2018  72 16 27   355.9   6.72   8.12  18.5
2018  72 16 28   356.7   6.66   7.80  18.1
2018  72 16 29   357.2   6.80   8.71  19.1
2018  72 16 30   357.5   6.94   8.78  19.1
2018  72 16 31   357.0   6.91   8.80  19.0
2018  72 16 32   357.3   6.96   8.31  18.4
2018  72 16 33   356.1   6.79   8.09  18.2
2018  72 16 34   356.7   6.73   8.26  18.4
2018  72 16 35   356.6   6.77   8.18  18.3
2018  72 16 36   357.0   6.80   8.18  18.4
2018  72 16 37   356.9   6.79   7.93  18.1
2018  72 16 38   357.0   6.79   7.82  18.0
2018  72 16 39   357.0   6.70   7.72  17.9
2018  72 16 40   356.8   6.53   7.35  17.6
2018  72 16 41   355.4   6.42   7.13  17.3
2018  72 16 42   355.3   6.73   7.37  17.3
2018  72 16 43   355.4   6.70   7.09  17.0
2018  72 16 44   356.0   6.36   6.11  16.1
2018  72 16 45   356.2   6.38   5.99  16.0
2018  72 16 46   356.5   6.23   5.53  15.7
2018  72 16 47   357.1   6.67   6.92  17.1
2018  72 16 48   357.1   6.85   7.68  17.8
2018  72 16 49   356.8   7.16   8.57  18.4
2018  72 16 50   356.0   6.88   7.64  17.8
2018  72 16 51   355.2   6.70   7.31  17.7
2018  72 16 52   355.0   6.74   7.03  17.4
2018  72 16 53   354.5   6.66   6.44  16.8
2018  72 16 54   355.6   6.94   7.10  17.5
2018  72 16 55   356.2   7.09   6.74  16.9
2018  72 16 56   356.2   6.84   6.50  16.8
2018  72 16 57   356.2   6.84   5.89  16.0
2018  72 16 58   356.2   6.47   5.25  15.5
2018  72 16 59   355.9   6.60   5.17  15.2
2018  72 17  0   355.6   6.76   5.64  15.5
2018  72 17  1   355.5   6.78   5.68  15.5
2018  72 17  2 99999.9 999.99 999.99 999.9
2018  72 17  3   355.0   6.36   5.37  15.2
2018  72 17  4   355.1   6.40   5.77  15.8
2018  72 17  5   357.4   7.26   6.94  17.0
2018  72 17  6   355.1   6.88   6.56  16.7
2018  72 17  7   358.2   7.01   6.11  16.2
2018  72 17  8   355.7   7.19   6.16  16.1
2018  72 17  9   356.9   6.83   5.34  15.4
2018  72 17 10   357.6   6.41   4.58  14.7
2018  72 17 11   357.6   6.41   4.58  14.7
2018  72 17 12   357.6   6.40   4.47  14.5
2018  72 17 13   357.6   6.40   4.30  14.3
2018  72 17 14 99999.9 999.99 999.99 999.9
2018  72 17 15 99999.9 999.99 999.99 999.9
2018  72 17 16   356.3   6.39   4.51  14.1
2018  72 17 17   356.3   6.39   4.49  14.0
2018  72 17 18   355.2   6.55   4.79  14.4
2018  72 17 19   355.0   6.57   4.82  14.4
2018  72 17 20   354.7   6.70   4.94  14.5
2018  72 17 21   354.3   6.83   4.97  14.4
2018  72 17 22   354.3   6.83   5.10  14.6
2018  72 17 23   353.8   6.63   4.83  14.2
2018  72 17 24   353.8   6.63   5.05  14.6
2018  72 17 25   354.1   7.02   5.49  15.1
2018  72 17 26   354.1   7.02   5.32  14.9
2018  72 17 27   354.0   7.10   5.30  14.7
2018  72 17 28   353.8   7.11   5.04  14.3
2018  72 17 29   352.8   7.15   5.22  14.5
2018  72 17 30   353.8   7.12   5.46  15.1
2018  72 17 31   353.9   7.13   5.50  15.2
2018  72 17 32   355.1   7.25   5.15  14.6
2018  72 17 33   355.1   7.25   5.21  14.7
2018  72 17 34   353.5   6.91   5.09  14.3
2018  72 17 35   353.5   6.91   5.52  14.9
2018  72 17 36   352.2   6.53   4.83  14.2
2018  72 17 37   352.2   6.53   4.96  14.3
2018  72 17 38   352.6   7.05   5.83  15.4
2018  72 17 39   352.6   7.10   5.88  15.5
2018  72 17 40   353.2   6.95   5.64  15.5
2018  72 17 41   353.3   6.98   5.93  15.9
2018  72 17 42   353.7   7.09   6.12  16.0
2018  72 17 43   353.6   6.99   6.22  16.2
2018  72 17 44   353.1   6.60   6.07  16.3
2018  72 17 45   353.1   6.60   6.22  16.6
2018  72 17 46   353.2   6.58   6.26  16.8
2018  72 17 47   353.5   6.69   7.15  17.9
2018  72 17 48   353.8   6.80   8.36  19.2
2018  72 17 49   354.7   6.69  11.44  22.4
2018  72 17 50   354.4   6.66  11.89  23.0
2018  72 17 51   354.0   6.65   9.71  20.9
2018  72 17 52 99999.9 999.99 999.99 999.9
2018  72 17 53   353.8   6.95  14.69  25.8
2018  72 17 54   353.6   7.02  19.22  29.5
2018  72 17 55   353.2   7.11  11.24  22.5
2018  72 17 56   353.1   6.55   8.42  19.6
2018  72 17 57   351.8   6.41   6.98  18.2
2018  72 17 58   350.2   6.39   6.67  17.2
2018  72 17 59   350.4   6.34   5.86  16.2
2018  72 18  0   351.4   6.07   5.32  15.8
2018  72 18  1   351.0   6.09   5.84  16.5
2018  72 18  2   350.8   6.01   5.56  16.2
2018  72 18  3   350.8   5.99   5.14  15.6
2018  72 18  4   350.4   5.94   4.69  14.8
2018  72 18  5   351.3   5.91   4.59  14.7
2018  72 18  6   349.8   5.69   4.43  14.4
2018  72 18  7   349.7   5.70   4.91  15.2
2018  72 18  8   350.4   5.85   5.65  16.3
2018  72 18  9   350.9   5.77   4.75  15.0
2018  72 18 10   350.5   5.66   4.59  14.7
2018  72 18 11   349.3   5.70   4.70  14.7
2018  72 18 12   349.1   5.75   4.87  15.0
2018  72 18 13   349.6   5.76   5.50  16.0
2018  72 18 14   351.9   6.02   5.81  16.5
2018  72 18 15   351.9   6.02   6.04  16.9
2018  72 18 16 99999.9 999.99 999.99 999.9
2018  72 18 17 99999.9 999.99 999.99 999.9
2018  72 18 18   347.7   5.81   5.57  16.1
2018  72 18 19   347.7   5.81   5.13  15.4
2018  72 18 20   351.8   5.63   4.40  14.5
2018  72 18 21   351.9   5.64   4.56  14.8
2018  72 18 22   352.1   5.66   4.76  15.1
2018  72 18 23   353.5   5.44   4.46  14.7
2018  72 18 24   353.7   5.41   4.16  14.2
2018  72 18 25   351.6   5.56   4.63  14.8
2018  72 18 26   351.6   5.56   4.57  14.6
2018  72 18 27   354.2   5.37   4.43  14.6
2018  72 18 28   354.2   5.37   4.49  14.7
2018  72 18 29   354.2   5.37   4.90  15.4
2018  72 18 30   348.9   5.87   5.52  15.9
2018  72 18 31   348.9   5.87   5.13  15.4
2018  72 18 32   350.1   5.70   4.92  15.0
2018  72 18 33   350.6   5.69   5.56  16.0
2018  72 18 34   350.9   5.46   5.06  15.4
2018  72 18 35   351.7   5.47   5.25  15.8
2018  72 18 36   351.7   5.47   5.10  15.5
2018  72 18 37   350.7   5.37   4.66  14.8
2018  72 18 38   349.7   5.27   3.70  13.2
2018  72 18 39   345.7   4.84   3.42  12.6
2018  72 18 40   345.1   4.95   3.57  12.9
2018  72 18 41   345.0   4.97   4.11  13.8
2018  72 18 42   346.2   5.14   4.35  14.2
2018  72 18 43   346.2   5.14   4.02  13.7
2018  72 18 44   344.4   5.12   4.09  13.7
2018  72 18 45   344.3   5.13   4.43  14.2
2018  72 18 46   344.0   5.19   5.04  15.1
2018  72 18 47   343.4   5.40   6.32  16.5
2018  72 18 48   343.2   5.47   5.85  15.7
2018  72 18 49   342.8   4.86   4.72  14.4
2018  72 18 50   344.2   4.94   4.65  14.3
2018  72 18 51   345.4   4.80   4.30  13.9
2018  72 18 52   346.5   4.58   4.08  13.7
2018  72 18 53   346.5   4.58   4.05  13.6
2018  72 18 54   345.3   4.53   4.15  13.8
2018  72 18 55   345.3   4.53   4.25  13.9
2018  72 18 56   345.0   4.80   4.39  14.2
2018  72 18 57   345.0   4.80   4.56  14.4
2018  72 18 58   346.6   4.89   4.64  14.6
2018  72 18 59   346.5   4.79   4.38  14.2
2018  72 19  0   346.3   4.67   4.25  14.1
2018  72 19  1   346.0   4.70   4.44  14.3
2018  72 19  2   346.0   4.70   3.97  13.5
2018  72 19  3   350.5   4.86   4.05  13.7
2018  72 19  4   350.6   4.85   3.98  13.5
2018  72 19  5   352.7   4.73   3.86  13.6
2018  72 19  6   352.7   4.73   4.00  13.8
2018  72 19  7   340.4   4.32   3.62  12.8
2018  72 19  8   342.7   4.67   3.77  13.1
2018  72 19  9   348.6   5.56   4.35  14.2
2018  72 19 10   343.1   4.82   3.85  13.1
2018  72 19 11   343.1   4.82   3.50  12.5
2018  72 19 12   346.8   4.32   3.01  12.0
2018  72 19 13   348.5   4.33   2.86  11.7
2018  72 19 14   348.9   4.35   2.86  11.7
2018  72 19 15 99999.9 999.99 999.99 999.9
2018  72 19 16   347.5   4.38   2.72  11.4
2018  72 19 17   347.5   4.38   2.65  11.2
2018  72 19 18   347.5   4.38   2.59  11.1
2018  72 19 19   347.0   4.24   2.47  10.9
2018  72 19 20   347.0   4.24   2.47  10.9
2018  72 19 21   347.3   4.45   2.63  11.1
2018  72 19 22   347.3   4.45   2.60  11.0
2018  72 19 23   347.9   4.33   2.52  11.0
2018  72 19 24   348.1   4.29   2.51  11.0
2018  72 19 25   348.2   4.32   2.47  11.0
2018  72 19 26   348.2   4.32   2.42  10.9
2018  72 19 27   346.8   4.43   2.56  11.1
2018  72 19 28   347.0   4.40   2.46  10.9
2018  72 19 29   347.4   4.37   2.46  10.9
2018  72 19 30   347.3   4.54   2.57  11.1
2018  72 19 31   347.3   4.54   2.56  11.1
2018  72 19 32   347.4   4.43   2.51  11.0
2018  72 19 33   347.4   4.36   2.49  11.0
2018  72 19 34   346.8   4.18   2.40  10.7
2018  72 19 35   346.8   4.18   2.40  10.7
2018  72 19 36   344.4   4.46   2.64  11.1
2018  72 19 37   344.4   4.46   2.67  11.1
2018  72 19 38   345.1   4.43   2.59  11.1
2018  72 19 39   346.4   4.54   2.85  11.6
2018  72 19 40   349.7   4.52   2.77  11.6
2018  72 19 41   350.6   4.50   2.65  11.4
2018  72 19 42   346.5   4.52   2.67  11.2
2018  72 19 43   346.5   4.50   2.72  11.3
2018  72 19 44   346.0   4.23   2.55  11.0
2018  72 19 45   347.4   4.36   2.62  11.2
2018  72 19 46   347.6   4.38   2.64  11.3
2018  72 19 47   348.3   4.45   2.69  11.4
2018  72 19 48   348.3   4.45   2.74  11.5
2018  72 19 49   346.4   4.38   2.71  11.4
2018  72 19 50   346.6   4.39   2.73  11.5
2018  72 19 51   347.5   4.46   2.66  11.3
2018  72 19 52   347.8   4.43   2.55  11.1
2018  72 19 53   347.9   4.42   2.65  11.4
2018  72 19 54   347.6   4.38   2.64  11.3
2018  72 19 55   347.6   4.38   2.58  11.2
2018  72 19 56 99999.9 999.99 999.99 999.9
2018  72 19 57   347.9   4.48   2.72  11.5
2018  72 19 58   347.9   4.48   2.72  11.5
2018  72 19 59   347.5   4.45   2.71  11.5
2018  72 20  0   346.7   4.39   2.64  11.3
2018  72 20  1   346.7   4.39   2.61  11.2
2018  72 20  2   344.3   4.23   2.50  10.9
2018  72 20  3   344.3   4.23   2.59  11.1
2018  72 20  4   342.1   4.39   2.65  11.1
2018  72 20  5   342.2   4.46   3.05  12.0
2018  72 20  6   342.6   4.87   3.41  12.8
2018  72 20  7   341.3   4.76   3.05  12.0
2018  72 20  8   341.3   4.73   2.96  11.8
2018  72 20  9   342.2   4.59   3.51  12.9
2018  72 20 10   341.9   5.14   3.90  13.6
2018  72 20 11   341.9   5.21   4.09  14.0
2018  72 20 12   341.5   5.34   4.27  14.5
2018  72 20 13   341.2   5.54   4.46  14.7
2018  72 20 14   341.6   5.34   3.83  13.6
2018  72 20 15   342.1   5.06   3.31  12.7
2018  72 20 16   342.5   5.31   3.44  13.0
2018  72 20 17   342.5   5.39   3.36  12.9
2018  72 20 18   342.6   5.65   3.48  13.2
2018  72 20 19   342.5   5.59   3.44  13.1
2018  72 20 20   342.9   5.41   3.38  13.0
2018  72 20 21   343.0   5.36   4.03  14.2
2018  72 20 22   347.8   6.26   5.36  16.6
2018  72 20 23   347.8   6.26   5.13  16.2
2018  72 20 24   347.4   6.18   5.75  17.3
2018  72 20 25   347.4   6.18   5.12  16.3
2018  72 20 26 99999.9 999.99 999.99 999.9
2018  72 20 27   345.5   6.07   5.32  16.5
2018  72 20 28   346.0   6.23   5.55  16.9
2018  72 20 29   347.2   6.62   5.73  17.2
2018  72 20 30   345.4   6.75   6.11  17.5
2018  72 20 31   344.3   6.43   5.87  17.2
2018  72 20 32   343.4   6.97   6.33  17.5
2018  72 20 33   344.7   6.72   5.15  16.0
2018  72 20 34   346.1   6.46   4.57  15.3
2018  72 20 35   349.3   6.41   4.63  15.5
2018  72 20 36   349.3   6.41   4.67  15.6
2018  72 20 37   349.3   6.41   3.94  14.3
2018  72 20 38   347.1   5.79   3.69  13.8
2018  72 20 39   347.1   5.79   3.72  13.9
2018  72 20 40   347.6   6.09   3.93  14.4
2018  72 20 41   347.5   6.12   3.97  14.5
2018  72 20 42   347.4   6.18   4.01  14.6
2018  72 20 43   347.5   6.19   4.04  14.7
2018  72 20 44   347.5   6.12   4.00  14.6
2018  72 20 45   346.5   6.40   4.63  15.5
2018  72 20 46   345.7   6.61   4.89  15.8
2018  72 20 47   346.1   6.66   5.13  16.4
2018  72 20 48   346.1   6.66   5.93  17.7
2018  72 20 49   345.3   7.13   6.04  17.7
2018  72 20 50   345.3   7.13   5.40  16.8
2018  72 20 51   344.8   6.89   5.10  16.3
2018  72 20 52   345.9   6.72   5.55  17.0
2018  72 20 53   346.3   6.66   5.18  16.5
2018  72 20 54   346.1   6.54   4.94  16.0
2018  72 20 55   346.1   6.54   4.80  15.7
2018  72 20 56   347.3   6.50   4.83  15.9
2018  72 20 57   347.2   6.49   4.80  15.9
2018  72 20 58   347.1   6.49   4.81  15.8
2018  72 20 59   345.3   6.38   4.97  16.0
2018  72 21  0   345.4   6.52   5.43  16.7
2018  72 21  1   345.7   6.91   5.97  17.3
2018  72 21  2   346.4   7.08   6.97  18.9
2018  72 21  3   346.4   7.08   6.69  18.5
2018  72 21  4   345.0   6.93   6.81  18.5
2018  72 21  5   345.0   6.93   7.33  19.2
2018  72 21  6   341.9   7.04   6.94  18.5
2018  72 21  7   341.8   6.95   6.82  18.3
2018  72 21  8   341.7   6.77   6.21  17.4
2018  72 21  9   340.3   7.18   6.53  17.8
2018  72 21 10   340.3   7.18   6.64  17.9
2018  72 21 11   340.3   8.86   8.44  19.9
2018  72 21 12   342.2   7.91   7.12  18.6
2018  72 21 13   344.1   6.83   6.31  17.8
2018  72 21 14   343.1   6.97   6.24  17.6
2018  72 21 15   343.7   6.93   6.81  18.4
2018  72 21 16   343.8   6.92   7.40  19.2
2018  72 21 17 99999.9 999.99 999.99 999.9
2018  72 21 18   343.6   7.48   6.89  18.1
2018  72 21 19   343.6   7.48   7.34  18.7
2018  72 21 20 99999.9 999.99 999.99 999.9
2018  72 21 21   343.5   6.94   7.76  19.6
2018  72 21 22   343.5   6.94   8.71  20.8
2018  72 21 23   343.5   7.12   7.30  19.0
2018  72 21 24   343.5   7.12   6.57  18.0
2018  72 21 25   343.3   7.08   6.86  18.4
2018  72 21 26   342.5   6.93   6.43  17.7
2018  72 21 27   342.5   6.94   6.35  17.6
2018  72 21 28   342.3   7.00   6.03  17.1
2018  72 21 29   342.1   7.23   6.27  17.5
2018  72 21 30   342.2   7.34   7.05  18.6
2018  72 21 31   343.5   7.40   7.32  19.1
2018  72 21 32   343.1   7.24   6.33  17.8
2018  72 21 33   343.1   7.23   6.72  18.4
2018  72 21 34   343.5   7.54   8.48  20.6
2018  72 21 35   343.5   7.57   8.67  20.8
2018  72 21 36   343.5   7.59   8.77  20.9
2018  72 21 37   342.7   8.16   9.96  21.9
2018  72 21 38   342.7   8.16   9.87  21.9
2018  72 21 39   343.0   7.88  10.42  22.8
2018  72 21 40   343.0   7.88  10.13  22.5
2018  72 21 41   343.0   7.75   8.49  20.6
2018  72 21 42   343.1   7.74   8.19  20.2
2018  72 21 43   343.7   7.67   8.82  21.1
2018  72 21 44   344.1   7.83   9.39  21.8
2018  72 21 45   344.2   7.90   8.97  21.3
2018  72 21 46   344.1   7.91   9.81  22.3
2018  72 21 47   344.1   7.91  12.02  24.7
2018  72 21 48   343.8   7.80  11.10  23.6
2018  72 21 49   344.0   7.80   9.36  21.7
2018  72 21 50   344.1   7.80   9.61  22.0
2018  72 21 51   343.8   7.81   9.95  22.4
2018  72 21 52   343.8   7.81  10.43  23.0
2018  72 21 53   342.7   8.10  10.76  23.2
2018  72 21 54   342.8   8.10   9.56  21.9
2018  72 21 55   343.8   8.00   9.41  21.4
2018  72 21 56   344.0   7.70   8.47  20.6
2018  72 21 57   344.1   7.58   9.80  22.2
2018  72 21 58   342.3   7.93  10.42  22.8
2018  72 21 59   342.3   7.90   9.38  21.7
2018  72 22  0   341.7   7.36   9.23  21.4
2018  72 22  1   342.2   7.74  10.37  22.7
2018  72 22  2   341.8   7.53  10.59  22.9
2018  72 22  3   341.7   7.48  10.53  22.8
2018  72 22  4   341.5   7.63  11.90  24.2
2018  72 22  5   341.8   7.63   9.28  21.5
2018  72 22  6   341.5   7.82  17.30  29.3
2018  72 22  7   341.5   7.85  13.62  26.0
2018  72 22  8   340.7   7.90  16.54  28.5
2018  72 22  9   340.8   7.95  17.19  28.9
2018  72 22 10   340.9   8.03  15.84  27.6
2018  72 22 11   341.6   7.86  16.41  28.5
2018  72 22 12   341.6   7.85  11.33  23.7
2018  72 22 13   340.3   7.61  10.23  22.5
2018  72 22 14   340.3   7.61   8.74  20.8
2018  72 22 15   339.7   7.39   8.69  20.6
2018  72 22 16   339.7   7.40   9.02  21.0
2018  72 22 17   339.2   7.68   9.06  21.1
2018  72 22 18   339.2   7.67   8.82  20.8
2018  72 22 19   339.2   7.67   8.67  20.6
2018  72 22 20   340.7   7.55   8.11  20.1
2018  72 22 21   341.8   7.51   8.53  20.6
2018  72 22 22   342.1   7.50   7.89  19.8
2018  72 22 23   341.2   7.37   7.88  19.8
2018  72 22 24   341.1   7.38   8.09  20.1
2018  72 22 25   340.6   7.40   8.18  20.1
2018  72 22 26   340.7   7.67   8.92  20.8
2018  72 22 27   340.7   7.70   8.90  20.7
2018  72 22 28   339.9   8.27   8.79  20.7
2018  72 22 29   340.7   7.99   9.32  21.4
2018  72 22 30   342.3   7.45   8.88  21.0
2018  72 22 31   341.2   7.49   8.38  20.4
2018  72 22 32   341.2   7.49   8.03  20.0
2018  72 22 33   340.8   7.41   8.31  20.3
2018  72 22 34   341.5   7.42   8.27  20.3
2018  72 22 35   342.0   7.37   8.44  20.5
2018  72 22 36   343.5   7.07   7.29  19.2
2018  72 22 37   341.7   7.09   5.88  17.2
2018  72 22 38   341.0   7.10   5.71  16.9
2018  72 22 39   340.5   7.01   5.54  16.6
2018  72 22 40   340.6   7.04   5.81  17.0
2018  72 22 41   341.4   7.26   5.24  16.2
2018  72 22 42   340.9   7.32   5.58  16.5
2018  72 22 43   340.9   7.33   5.60  16.5
2018  72 22 44   340.6   6.94   5.25  16.1
2018  72 22 45   340.6   6.95   5.33  16.3
2018  72 22 46   340.5   7.08   5.98  17.2
2018  72 22 47   340.8   7.14   6.34  17.7
2018  72 22 48   340.9   7.16   6.89  18.5
2018  72 22 49   341.5   7.41   7.95  19.9
2018  72 22 50   342.3   7.35   9.18  21.4
2018  72 22 51   342.5   7.33   9.68  22.0
2018  72 22 52   341.5   7.61   9.74  22.0
2018  72 22 53   341.4   7.61   9.74  22.0
2018  72 22 54   340.8   7.64   9.81  22.0
2018  72 22 55   341.3   7.52   9.46  21.7
2018  72 22 56   340.8   7.51   8.78  20.8
2018  72 22 57   340.2   7.53   9.00  21.0
2018  72 22 58   340.9   7.67   8.71  20.5
2018  72 22 59   340.3   7.35   8.46  20.5
2018  72 23  0   340.8   7.45   8.47  20.5
2018  72 23  1   341.6   7.50   8.43  20.5
2018  72 23  2   342.1   7.38   8.17  20.2
2018  72 23  3   342.7   7.20   8.47  20.6
2018  72 23  4   341.9   7.17   8.52  20.6
2018  72 23  5 99999.9 999.99 999.99 999.9
2018  72 23  6   340.9   7.35   8.83  20.9
2018  72 23  7   340.9   7.35   8.83  20.9
2018  72 23  8   341.8   7.26   7.83  19.8
2018  72 23  9   341.8   7.26   7.63  19.5
2018  72 23 10   341.8   7.26   7.57  19.4
2018  72 23 11   341.7   7.40   7.91  19.6
2018  72 23 12   341.7   7.40   7.98  19.7
2018  72 23 13 99999.9 999.99 999.99 999.9
2018  72 23 14   342.0   7.09   7.31  19.1
2018  72 23 15   342.0   7.09   7.19  19.0
2018  72 23 16   341.4   7.15   7.14  18.9
2018  72 23 17   341.4   7.15   7.14  18.9
2018  72 23 18   341.5   7.12   7.19  18.9
2018  72 23 19   341.5   7.12   7.43  19.2
2018  72 23 20 99999.9 999.99 999.99 999.9
2018  72 23 21   341.9   7.25   7.55  19.4
2018  72 23 22   341.9   7.25   7.06  18.8
2018  72 23 23   341.8   7.00   6.73  18.3
2018  72 23 24   341.8   7.00   6.62  18.2
2018  72 23 25   341.8   6.94   6.95  18.6
2018  72 23 26   342.5   7.04   7.11  18.9
2018  72 23 27   343.6   7.18   7.13  18.9
2018  72 23 28 99999.9 999.99 999.99 999.9
2018  72 23 29   340.7   6.82   6.82  18.4
2018  72 23 30   340.1   6.84   6.61  18.1
2018  72 23 31   340.4   6.98   6.61  18.0
2018  72 23 32   341.2   7.12   6.69  18.0
2018  72 23 33   340.5   6.81   6.34  17.7
2018  72 23 34   340.5   6.81   6.19  17.5
2018  72 23 35   339.6   6.79   6.03  17.2
2018  72 23 36   340.1   6.76   6.10  17.3
2018  72 23 37   340.4   6.81   6.75  18.2
2018  72 23 38   340.6   6.93   7.13  18.7
2018  72 23 39   340.7   7.62   7.69  19.4
2018  72 23 40   340.7   7.62   7.56  19.2
2018  72 23 41   339.3   7.42   7.40  18.9
2018  72 23 42   339.3   7.42   7.72  19.3
2018  72 23 43   338.2   7.52   8.43  20.2
2018  72 23 44   338.5   7.55   9.52  21.4
2018  72 23 45   339.3   7.85  10.33  22.3
2018  72 23 46   339.2   7.73  10.98  23.0
2018  72 23 47   338.9   7.74  12.01  23.9
2018  72 23 48 99999.9 999.99 999.99 999.9
2018  72 23 49   340.2   7.97  15.78  27.8
2018  72 23 50   340.0   8.03  15.54  27.5
2018  72 23 51   339.6   8.20  16.24  28.1
2018  72 23 52   340.0   7.93  14.29  26.4
2018  72 23 53   339.9   7.93  17.88  29.5
2018  72 23 54   339.7   7.99  16.91  28.6
2018  72 23 55   339.8   8.09  18.07  29.6
2018  72 23 56   339.8   8.11  17.66  29.3
2018  72 23 57   338.9   8.13  22.96  33.3
2018  72 23 58   339.1   8.48  27.02  36.0
2018  72 23 59   339.2   8.64  28.87  37.2