year DOY HR MN      v     d      beta     ma
2020  78  0  0   381.5   4.42   2.10   9.8
2020  78  0  1 99999.9 999.99 999.99 999.9
2020  78  0  2 99999.9 999.99 999.99 999.9
2020  78  0  3 99999.9 999.99 999.99 999.9
2020  78  0  4 99999.9 999.99 999.99 999.9
2020  78  0  5 99999.9 999.99 999.99 999.9
2020  78  0  6 99999.9 999.99 999.99 999.9
2020  78  0  7   391.3   3.77   1.84   8.4
2020  78  0  8   393.2   3.67   1.65   8.3
2020  78  0  9   394.0   3.63   1.50   8.0
2020  78  0 10 99999.9 999.99 999.99 999.9
2020  78  0 11   397.7   3.97   1.87   8.7
2020  78  0 12   397.7   3.97   1.92   8.8
2020  78  0 13   397.7   3.97   1.92   8.8
2020  78  0 14 99999.9 999.99 999.99 999.9
2020  78  0 15   396.5   4.02   1.85   8.7
2020  78  0 16   396.5   4.02   1.96   9.0
2020  78  0 17 99999.9 999.99 999.99 999.9
2020  78  0 18 99999.9 999.99 999.99 999.9
2020  78  0 19 99999.9 999.99 999.99 999.9
2020  78  0 20 99999.9 999.99 999.99 999.9
2020  78  0 21   393.0   4.09   2.29   9.2
2020  78  0 22   393.0   4.09   2.25   9.1
2020  78  0 23 99999.9 999.99 999.99 999.9
2020  78  0 24   390.4   4.13   2.36   9.1
2020  78  0 25   390.4   4.13   2.36   9.1
2020  78  0 26   390.2   4.10   2.23   9.1
2020  78  0 27   392.9   4.13   2.31   9.2
2020  78  0 28   393.3   4.14   2.19   9.0
2020  78  0 29   395.1   3.94   2.04   8.9
2020  78  0 30   395.1   3.94   2.11   9.0
2020  78  0 31 99999.9 999.99 999.99 999.9
2020  78  0 32   394.6   3.82   2.24   9.8
2020  78  0 33   394.6   3.82   2.24   9.8
2020  78  0 34 99999.9 999.99 999.99 999.9
2020  78  0 35 99999.9 999.99 999.99 999.9
2020  78  0 36   386.2   4.21   2.29  10.0
2020  78  0 37   386.2   4.21   2.44  10.4
2020  78  0 38   387.4   4.77   2.90  11.1
2020  78  0 39   387.4   4.77   3.06  11.4
2020  78  0 40 99999.9 999.99 999.99 999.9
2020  78  0 41   381.3   4.21   2.39  10.4
2020  78  0 42   381.3   4.21   2.42  10.5
2020  78  0 43 99999.9 999.99 999.99 999.9
2020  78  0 44   384.2   4.44   2.71  10.9
2020  78  0 45   384.2   4.44   2.71  10.9
2020  78  0 46   384.2   4.44   2.65  10.8
2020  78  0 47   383.7   4.59   2.74  11.0
2020  78  0 48   383.7   4.59   2.76  11.0
2020  78  0 49   383.7   4.59   2.73  10.9
2020  78  0 50   385.4   4.81   2.76  10.8
2020  78  0 51   385.5   4.81   2.57  10.4
2020  78  0 52   389.2   4.71   2.88  10.5
2020  78  0 53   389.3   4.70   2.56   9.9
2020  78  0 54   394.9   4.27   2.03   9.4
2020  78  0 55   394.7   4.27   2.12   9.4
2020  78  0 56 99999.9 999.99 999.99 999.9
2020  78  0 57 99999.9 999.99 999.99 999.9
2020  78  0 58 99999.9 999.99 999.99 999.9
2020  78  0 59 99999.9 999.99 999.99 999.9
2020  78  1  0   396.6   4.44   2.24  10.3
2020  78  1  1   394.7   4.69   2.36  10.3
2020  78  1  2   393.1   4.89   2.75  11.0
2020  78  1  3 99999.9 999.99 999.99 999.9
2020  78  1  4 99999.9 999.99 999.99 999.9
2020  78  1  5 99999.9 999.99 999.99 999.9
2020  78  1  6   389.4   4.74   2.59  10.4
2020  78  1  7   389.4   4.74   2.54  10.3
2020  78  1  8   389.0   4.32   2.19   9.9
2020  78  1  9   388.7   3.95   1.94   9.5
2020  78  1 10   390.6   4.75   2.61  10.5
2020  78  1 11   388.9   4.36   2.10  10.0
2020  78  1 12   387.7   4.04   1.75   9.5
2020  78  1 13   386.5   4.26   1.79   9.7
2020  78  1 14   386.5   4.26   1.86   9.9
2020  78  1 15 99999.9 999.99 999.99 999.9
2020  78  1 16   392.4   4.51   2.39  10.2
2020  78  1 17   392.4   4.51   2.44  10.3
2020  78  1 18   393.2   5.16   2.87  11.0
2020  78  1 19   393.2   5.16   2.91  11.1
2020  78  1 20   393.2   5.16   2.85  11.0
2020  78  1 21 99999.9 999.99 999.99 999.9
2020  78  1 22   386.4   4.48   2.28  10.3
2020  78  1 23   386.0   4.42   2.42  10.6
2020  78  1 24   383.5   4.05   2.11  10.1
2020  78  1 25   383.5   4.05   2.16  10.2
2020  78  1 26 99999.9 999.99 999.99 999.9
2020  78  1 27 99999.9 999.99 999.99 999.9
2020  78  1 28 99999.9 999.99 999.99 999.9
2020  78  1 29 99999.9 999.99 999.99 999.9
2020  78  1 30   378.9   4.65   2.65  10.7
2020  78  1 31   381.0   4.69   2.39  10.4
2020  78  1 32   385.7   4.59   2.17  10.1
2020  78  1 33   386.0   4.57   2.15  10.0
2020  78  1 34 99999.9 999.99 999.99 999.9
2020  78  1 35 99999.9 999.99 999.99 999.9
2020  78  1 36 99999.9 999.99 999.99 999.9
2020  78  1 37 99999.9 999.99 999.99 999.9
2020  78  1 38   385.4   4.07   1.97   9.3
2020  78  1 39   385.4   4.07   1.96   9.3
2020  78  1 40   385.4   4.07   1.99   9.4
2020  78  1 41 99999.9 999.99 999.99 999.9
2020  78  1 42 99999.9 999.99 999.99 999.9
2020  78  1 43 99999.9 999.99 999.99 999.9
2020  78  1 44   385.3   4.66   2.18  10.0
2020  78  1 45   385.4   4.64   2.22  10.1
2020  78  1 46   390.3   4.55   2.03   9.5
2020  78  1 47   388.3   4.55   2.07   9.7
2020  78  1 48   384.6   4.73   2.17   9.9
2020  78  1 49 99999.9 999.99 999.99 999.9
2020  78  1 50   397.9   4.40   1.80   9.4
2020  78  1 51   391.2   4.49   1.92   9.5
2020  78  1 52   388.5   4.66   2.19   9.7
2020  78  1 53   392.4   4.44   2.26   9.7
2020  78  1 54   383.7   4.58   2.04   9.7
2020  78  1 55   383.7   4.58   1.92   9.4
2020  78  1 56   389.4   3.41   1.53   8.4
2020  78  1 57   389.4   3.41   1.39   8.0
2020  78  1 58   382.8   4.59   1.87   9.1
2020  78  1 59   382.8   4.59   1.65   8.6
2020  78  2  0   387.8   4.12   1.79   8.9
2020  78  2  1   387.8   4.12   1.53   8.2
2020  78  2  2 99999.9 999.99 999.99 999.9
2020  78  2  3   396.6   4.33   1.75   9.1
2020  78  2  4   393.1   4.45   1.96   9.6
2020  78  2  5   390.0   4.28   1.85   9.4
2020  78  2  6   389.9   4.30   1.95   9.5
2020  78  2  7   389.3   4.41   2.07   9.7
2020  78  2  8   386.5   4.47   2.23  10.0
2020  78  2  9   386.6   4.44   2.17   9.9
2020  78  2 10   384.2   4.60   2.20   9.9
2020  78  2 11   385.7   4.71   2.34  10.2
2020  78  2 12   385.9   4.63   2.27  10.1
2020  78  2 13   384.4   4.57   1.96   9.6
2020  78  2 14   387.6   4.61   2.07   9.7
2020  78  2 15 99999.9 999.99 999.99 999.9
2020  78  2 16   389.9   5.36   2.72  11.5
2020  78  2 17   387.4   5.10   2.95  11.7
2020  78  2 18   388.3   5.22   2.61  10.8
2020  78  2 19   390.1   5.42   2.58  10.7
2020  78  2 20   390.5   3.38   1.65   8.9
2020  78  2 21   390.9   3.98   1.92   9.4
2020  78  2 22   391.8   5.30   2.53  10.5
2020  78  2 23   391.9   3.64   1.50   8.6
2020  78  2 24   392.0   4.09   1.73   9.2
2020  78  2 25   392.0   4.44   1.76   9.3
2020  78  2 26   393.6   4.56   2.33   9.5
2020  78  2 27   393.6   4.56   2.36   9.5
2020  78  2 28   393.1   4.54   2.56  10.0
2020  78  2 29   389.1   4.36   1.73   9.2
2020  78  2 30   388.5   4.27   1.51   8.5
2020  78  2 31   387.2   4.02   1.38   8.1
2020  78  2 32   390.5   4.20   1.41   8.4
2020  78  2 33   390.5   4.20   1.36   8.2
2020  78  2 34   390.5   4.20   1.36   8.2
2020  78  2 35   388.8   3.86   1.25   7.8
2020  78  2 36   388.8   3.86   1.28   7.9
2020  78  2 37 99999.9 999.99 999.99 999.9
2020  78  2 38   390.0   4.56   1.76   8.8
2020  78  2 39   390.0   4.56   1.74   8.8
2020  78  2 40 99999.9 999.99 999.99 999.9
2020  78  2 41 99999.9 999.99 999.99 999.9
2020  78  2 42   381.4   4.79   1.82   8.8
2020  78  2 43   381.4   4.79   1.85   8.9
2020  78  2 44   381.4   4.79   1.99   9.2
2020  78  2 45   386.6   4.38   1.57   8.8
2020  78  2 46   384.6   4.76   2.28  10.2
2020  78  2 47   383.2   5.02   2.13   9.6
2020  78  2 48   387.0   4.45   1.84   9.2
2020  78  2 49   387.0   4.45   1.76   9.0
2020  78  2 50 99999.9 999.99 999.99 999.9
2020  78  2 51 99999.9 999.99 999.99 999.9
2020  78  2 52 99999.9 999.99 999.99 999.9
2020  78  2 53 99999.9 999.99 999.99 999.9
2020  78  2 54 99999.9 999.99 999.99 999.9
2020  78  2 55 99999.9 999.99 999.99 999.9
2020  78  2 56 99999.9 999.99 999.99 999.9
2020  78  2 57 99999.9 999.99 999.99 999.9
2020  78  2 58   388.0   4.38 999.99 999.9
2020  78  2 59   390.1   4.60   1.75   9.2
2020  78  3  0   398.0   5.42   2.10   9.8
2020  78  3  1   399.3   5.56   2.34  10.3
2020  78  3  2 99999.9 999.99 999.99 999.9
2020  78  3  3 99999.9 999.99 999.99 999.9
2020  78  3  4   391.5   4.20   1.47   8.7
2020  78  3  5   391.5   4.20   1.43   8.6
2020  78  3  6   397.2   5.31   2.45   9.9
2020  78  3  7   397.2   5.31   2.63  10.3
2020  78  3  8   397.2   5.31   2.85  10.7
2020  78  3  9   394.3   5.43   2.39  10.4
2020  78  3 10   394.1   5.28   2.39  10.5
2020  78  3 11   394.3   4.53   2.00   9.6
2020  78  3 12   396.6   4.73   2.28  10.0
2020  78  3 13   397.1   5.07   2.20  10.2
2020  78  3 14   396.9   4.92   2.23  10.0
2020  78  3 15   396.7   4.73   2.21   9.8
2020  78  3 16 99999.9 999.99 999.99 999.9
2020  78  3 17   400.0   4.48   2.17   9.6
2020  78  3 18   399.2   4.44   2.19   9.6
2020  78  3 19   397.1   4.69   2.33   9.8
2020  78  3 20   397.5   4.69   2.42   9.6
2020  78  3 21   395.3   4.92   2.43  10.0
2020  78  3 22   394.6   5.00   2.33   9.9
2020  78  3 23   398.0   4.95   2.33  10.1
2020  78  3 24   398.0   4.95   2.33  10.1
2020  78  3 25   398.0   4.95   2.40  10.3
2020  78  3 26   400.9   5.03   2.28  10.4
2020  78  3 27   400.7   5.03   2.41  10.7
2020  78  3 28   396.1   5.20   2.79  10.6
2020  78  3 29   396.1   5.17   2.88  10.8
2020  78  3 30   395.7   4.94   2.71  10.7
2020  78  3 31   394.0   5.02   2.36  10.4
2020  78  3 32   393.7   5.03   2.43  10.6
2020  78  3 33   391.9   5.03   2.10  10.4
2020  78  3 34   391.9   5.03   2.15  10.5
2020  78  3 35 99999.9 999.99 999.99 999.9
2020  78  3 36   395.8   5.14   2.79  10.6
2020  78  3 37   397.1   5.04   2.69  10.4
2020  78  3 38   399.0   4.91   2.60  10.3
2020  78  3 39   404.4   5.19   2.36  10.9
2020  78  3 40   404.4   5.19   2.25  10.7
2020  78  3 41   396.8   4.76   2.52  10.3
2020  78  3 42   396.8   4.76   2.40  10.1
2020  78  3 43   396.8   4.76   2.38  10.0
2020  78  3 44   396.4   5.17   2.60  10.7
2020  78  3 45   396.4   5.17   2.64  10.8
2020  78  3 46   396.4   5.17   2.72  10.9
2020  78  3 47 99999.9 999.99 999.99 999.9
2020  78  3 48   393.7   5.67   2.65  10.8
2020  78  3 49   393.7   5.67   2.69  10.9
2020  78  3 50 99999.9 999.99 999.99 999.9
2020  78  3 51 99999.9 999.99 999.99 999.9
2020  78  3 52   390.3   5.55   3.14  11.9
2020  78  3 53   391.2   5.51   3.09  11.8
2020  78  3 54   394.9   5.23   3.05  11.7
2020  78  3 55   392.3   5.29   2.99  11.6
2020  78  3 56   391.4   5.00   2.59  10.9
2020  78  3 57   391.4   5.00   2.73  11.2
2020  78  3 58   396.7   5.21   2.68  10.8
2020  78  3 59   397.6   5.26   2.85  11.0
2020  78  4  0   397.0   5.31   2.42  10.6
2020  78  4  1   400.9   5.22   2.16  10.6
2020  78  4  2   401.2   5.22   2.16  10.7
2020  78  4  3 99999.9 999.99 999.99 999.9
2020  78  4  4 99999.9 999.99 999.99 999.9
2020  78  4  5 99999.9 999.99 999.99 999.9
2020  78  4  6 99999.9 999.99 999.99 999.9
2020  78  4  7 99999.9 999.99 999.99 999.9
2020  78  4  8   393.4   5.02   2.53  10.5
2020  78  4  9   393.4   5.02   2.60  10.6
2020  78  4 10 99999.9 999.99 999.99 999.9
2020  78  4 11 99999.9 999.99 999.99 999.9
2020  78  4 12 99999.9 999.99 999.99 999.9
2020  78  4 13 99999.9 999.99 999.99 999.9
2020  78  4 14 99999.9 999.99 999.99 999.9
2020  78  4 15 99999.9 999.99 999.99 999.9
2020  78  4 16 99999.9 999.99 999.99 999.9
2020  78  4 17 99999.9 999.99 999.99 999.9
2020  78  4 18 99999.9 999.99 999.99 999.9
2020  78  4 19   393.6   5.28   2.72  10.7
2020  78  4 20   393.6   5.28   3.48  12.1
2020  78  4 21   395.4   4.91   2.75  11.8
2020  78  4 22   395.5   4.90   2.45  11.2
2020  78  4 23 99999.9 999.99 999.99 999.9
2020  78  4 24 99999.9 999.99 999.99 999.9
2020  78  4 25   392.0   5.46   2.94  12.0
2020  78  4 26   392.0   5.46   3.03  12.2
2020  78  4 27 99999.9 999.99 999.99 999.9
2020  78  4 28 99999.9 999.99 999.99 999.9
2020  78  4 29 99999.9 999.99 999.99 999.9
2020  78  4 30 99999.9 999.99 999.99 999.9
2020  78  4 31   392.8   5.34   3.43  12.5
2020  78  4 32   393.7   5.64   3.58  12.8
2020  78  4 33   394.0   5.76   3.55  12.7
2020  78  4 34 99999.9 999.99 999.99 999.9
2020  78  4 35 99999.9 999.99 999.99 999.9
2020  78  4 36   393.0   5.55   3.43  12.7
2020  78  4 37   393.6   5.48   3.28  12.4
2020  78  4 38   394.2   5.40   3.30  12.3
2020  78  4 39   393.2   5.46   3.15  12.1
2020  78  4 40   393.2   5.46   2.83  11.4
2020  78  4 41   394.7   5.27   2.73  11.4
2020  78  4 42   394.1   5.36   3.22  12.3
2020  78  4 43   392.8   5.65   3.64  12.7
2020  78  4 44   394.2   5.61   3.89  13.3
2020  78  4 45   393.0   5.61   4.15  13.7
2020  78  4 46   393.0   5.62   4.44  14.2
2020  78  4 47   394.5   5.69   3.44  12.6
2020  78  4 48   395.6   5.68   4.17  13.9
2020  78  4 49   395.6   5.68   3.45  12.6
2020  78  4 50   393.8   5.46   3.55  12.8
2020  78  4 51   393.6   5.50   3.63  12.9
2020  78  4 52   392.9   5.40   3.28  12.3
2020  78  4 53   391.9   5.47   3.25  12.2
2020  78  4 54   390.8   5.59   3.26  12.2
2020  78  4 55   390.9   5.73   3.80  13.1
2020  78  4 56   388.1   5.88   3.55  12.6
2020  78  4 57   388.1   5.88   3.77  13.0
2020  78  4 58   388.1   5.88   3.84  13.1
2020  78  4 59   385.1   5.86   4.16  13.4
2020  78  5  0   385.1   5.86   4.04  13.2
2020  78  5  1   388.9   5.51   3.42  12.6
2020  78  5  2   388.9   5.51   3.22  12.2
2020  78  5  3 99999.9 999.99 999.99 999.9
2020  78  5  4   389.5   5.57   3.14  12.3
2020  78  5  5   389.5   5.57   3.12  12.2
2020  78  5  6   391.8   5.28   2.85  11.7
2020  78  5  7   391.8   5.28   2.94  11.9
2020  78  5  8   391.9   5.53   3.31  12.3
2020  78  5  9   391.9   5.74   3.42  12.2
2020  78  5 10 99999.9 999.99 999.99 999.9
2020  78  5 11 99999.9 999.99 999.99 999.9
2020  78  5 12   387.6   5.43   2.91  11.6
2020  78  5 13   387.6   5.43   3.34  12.4
2020  78  5 14 99999.9 999.99 999.99 999.9
2020  78  5 15 99999.9 999.99 999.99 999.9
2020  78  5 16 99999.9 999.99 999.99 999.9
2020  78  5 17   387.1   5.65   2.91  11.4
2020  78  5 18   387.1   5.65   2.97  11.5
2020  78  5 19 99999.9 999.99 999.99 999.9
2020  78  5 20 99999.9 999.99 999.99 999.9
2020  78  5 21   386.7   5.71   4.76  14.2
2020  78  5 22   387.8   5.63   4.51  14.0
2020  78  5 23   389.5   5.51   4.42  14.1
2020  78  5 24 99999.9 999.99 999.99 999.9
2020  78  5 25 99999.9 999.99 999.99 999.9
2020  78  5 26 99999.9 999.99 999.99 999.9
2020  78  5 27 99999.9 999.99 999.99 999.9
2020  78  5 28 99999.9 999.99 999.99 999.9
2020  78  5 29 99999.9 999.99 999.99 999.9
2020  78  5 30   388.9   5.28   4.09  13.3
2020  78  5 31   388.2   5.30   4.38  13.7
2020  78  5 32   386.2   5.37   4.33  13.4
2020  78  5 33   386.2   5.37   4.06  13.0
2020  78  5 34 99999.9 999.99 999.99 999.9
2020  78  5 35 99999.9 999.99 999.99 999.9
2020  78  5 36   392.4   5.26   2.96  12.2
2020  78  5 37   389.2   5.36   3.62  12.7
2020  78  5 38   387.9   5.40   3.44  12.6
2020  78  5 39   387.7   5.38   3.36  12.2
2020  78  5 40   389.5   5.20   3.02  11.9
2020  78  5 41   387.3   5.32   3.34  12.5
2020  78  5 42   388.4   5.36   3.17  12.2
2020  78  5 43   388.0   5.21   3.35  12.5
2020  78  5 44   387.9   5.21   3.39  12.5
2020  78  5 45   389.5   5.24   3.24  12.3
2020  78  5 46 99999.9 999.99 999.99 999.9
2020  78  5 47   389.8   5.61   3.57  13.0
2020  78  5 48   393.6   5.42   3.37  12.8
2020  78  5 49   394.4   5.19   3.19  12.5
2020  78  5 50   386.7   5.08   3.04  11.9
2020  78  5 51   384.4   5.38   3.43  12.2
2020  78  5 52   390.9   5.37   3.17  12.1
2020  78  5 53   387.4   5.15   2.90  11.4
2020  78  5 54   389.8   4.99   2.84  11.4
2020  78  5 55   395.4   5.06   2.74  11.7
2020  78  5 56   389.3   5.25   2.78  11.5
2020  78  5 57   388.4   5.30   3.43  12.7
2020  78  5 58   397.0   5.32   3.38  13.1
2020  78  5 59   397.0   5.32   3.46  13.2
2020  78  6  0 99999.9 999.99 999.99 999.9
2020  78  6  1 99999.9 999.99 999.99 999.9
2020  78  6  2   398.9   5.38   3.68  13.4
2020  78  6  3   398.9   5.38   3.68  13.4
2020  78  6  4 99999.9 999.99 999.99 999.9
2020  78  6  5 99999.9 999.99 999.99 999.9
2020  78  6  6 99999.9 999.99 999.99 999.9
2020  78  6  7 99999.9 999.99 999.99 999.9
2020  78  6  8   384.4   4.92   3.71  12.0
2020  78  6  9   384.4   4.92   3.51  11.7
2020  78  6 10   384.4   4.92   3.40  11.5
2020  78  6 11 99999.9 999.99 999.99 999.9
2020  78  6 12 99999.9 999.99 999.99 999.9
2020  78  6 13   381.4   5.16   3.22  11.5
2020  78  6 14   381.4   5.16   3.26  11.5
2020  78  6 15   381.4   5.16   3.28  11.6
2020  78  6 16 99999.9 999.99 999.99 999.9
2020  78  6 17   383.1   5.25   3.09  11.4
2020  78  6 18   383.1   5.25   3.13  11.5
2020  78  6 19   383.1   5.25   3.18  11.5
2020  78  6 20 99999.9 999.99 999.99 999.9
2020  78  6 21 99999.9 999.99 999.99 999.9
2020  78  6 22   380.2   4.69   2.50  10.5
2020  78  6 23   380.2   4.69   2.46  10.4
2020  78  6 24 99999.9 999.99 999.99 999.9
2020  78  6 25 99999.9 999.99 999.99 999.9
2020  78  6 26   382.0   5.29   3.24  11.7
2020  78  6 27   382.0   5.29   3.15  11.6
2020  78  6 28   382.0   5.29   3.10  11.5
2020  78  6 29 99999.9 999.99 999.99 999.9
2020  78  6 30 99999.9 999.99 999.99 999.9
2020  78  6 31 99999.9 999.99 999.99 999.9
2020  78  6 32 99999.9 999.99 999.99 999.9
2020  78  6 33   386.8   5.03   2.69  10.9
2020  78  6 34   386.8   5.03   2.72  11.0
2020  78  6 35 99999.9 999.99 999.99 999.9
2020  78  6 36 99999.9 999.99 999.99 999.9
2020  78  6 37 99999.9 999.99 999.99 999.9
2020  78  6 38   387.6   5.13   2.82  11.1
2020  78  6 39   387.6   5.13   2.83  11.2
2020  78  6 40   387.6   5.13   2.82  11.1
2020  78  6 41 99999.9 999.99 999.99 999.9
2020  78  6 42   388.1   4.70   2.58  10.7
2020  78  6 43   388.1   4.70   2.56  10.7
2020  78  6 44   388.1   4.70   2.62  10.8
2020  78  6 45 99999.9 999.99 999.99 999.9
2020  78  6 46 99999.9 999.99 999.99 999.9
2020  78  6 47   383.2   4.64   2.57  10.6
2020  78  6 48   383.2   4.64   2.54  10.6
2020  78  6 49   383.2   4.64   2.61  10.7
2020  78  6 50 99999.9 999.99 999.99 999.9
2020  78  6 51 99999.9 999.99 999.99 999.9
2020  78  6 52 99999.9 999.99 999.99 999.9
2020  78  6 53   378.9   4.45   2.24  10.1
2020  78  6 54   378.9   4.45   2.18  10.0
2020  78  6 55   378.9   4.45   2.29  10.2
2020  78  6 56 99999.9 999.99 999.99 999.9
2020  78  6 57 99999.9 999.99 999.99 999.9
2020  78  6 58 99999.9 999.99 999.99 999.9
2020  78  6 59 99999.9 999.99 999.99 999.9
2020  78  7  0   383.6   4.89   2.77  11.1
2020  78  7  1   383.6   4.89   2.74  11.0
2020  78  7  2 99999.9 999.99 999.99 999.9
2020  78  7  3   382.0   5.29   3.03  11.3
2020  78  7  4   382.9   5.05   2.67  10.7
2020  78  7  5   385.1   4.43   2.96  11.7
2020  78  7  6   385.1   4.43   2.78  11.3
2020  78  7  7   377.2   5.73   3.82  12.4
2020  78  7  8   376.6   5.55   3.45  12.0
2020  78  7  9   376.2   4.93   2.61  10.9
2020  78  7 10   378.0   4.81   2.65  11.0
2020  78  7 11   376.2   5.00   2.84  11.2
2020  78  7 12   378.0   5.12   3.11  11.4
2020  78  7 13   379.9   5.08   3.15  11.5
2020  78  7 14   380.4   5.19   2.91  11.1
2020  78  7 15   382.3   5.12   2.86  11.0
2020  78  7 16   380.4   5.20   2.98  11.2
2020  78  7 17   379.0   5.19   3.13  11.4
2020  78  7 18   375.8   5.41   3.06  11.1
2020  78  7 19   377.6   5.35   3.02  11.3
2020  78  7 20   379.8   5.18   2.89  11.3
2020  78  7 21   381.1   5.05   2.71  11.0
2020  78  7 22   380.6   5.33   3.06  11.4
2020  78  7 23   380.6   5.07   2.80  11.2
2020  78  7 24   379.1   5.30   2.91  11.1
2020  78  7 25   377.7   5.32   2.63  10.7
2020  78  7 26   377.7   5.11   2.63  10.7
2020  78  7 27   380.4   5.33   2.89  10.9
2020  78  7 28   380.0   5.29   3.00  11.1
2020  78  7 29   376.7   5.38   3.08  11.3
2020  78  7 30   374.3   5.51   2.87  11.0
2020  78  7 31 99999.9 999.99 999.99 999.9
2020  78  7 32   379.9   5.41   2.82  11.1
2020  78  7 33   379.9   5.41 999.99 999.9
2020  78  7 34 99999.9 999.99 999.99 999.9
2020  78  7 35 99999.9 999.99 999.99 999.9
2020  78  7 36 99999.9 999.99 999.99 999.9
2020  78  7 37 99999.9 999.99 999.99 999.9
2020  78  7 38 99999.9 999.99 999.99 999.9
2020  78  7 39 99999.9 999.99 999.99 999.9
2020  78  7 40 99999.9 999.99 999.99 999.9
2020  78  7 41   378.5   5.61   2.94  11.2
2020  78  7 42   378.5   5.61   2.90  11.1
2020  78  7 43 99999.9 999.99 999.99 999.9
2020  78  7 44 99999.9 999.99 999.99 999.9
2020  78  7 45 99999.9 999.99 999.99 999.9
2020  78  7 46 99999.9 999.99 999.99 999.9
2020  78  7 47 99999.9 999.99 999.99 999.9
2020  78  7 48 99999.9 999.99 999.99 999.9
2020  78  7 49   382.1   5.28   2.61  10.6
2020  78  7 50   381.9   5.41   3.32  11.8
2020  78  7 51   382.4   5.59   3.43  11.8
2020  78  7 52   382.2   5.48   3.10  11.4
2020  78  7 53   379.6   5.55   3.00  11.3
2020  78  7 54   377.3   5.83   2.97  11.1
2020  78  7 55   378.9   5.65   2.84  11.0
2020  78  7 56   382.4   5.46   2.44  10.4
2020  78  7 57   377.4   5.72   2.77  10.7
2020  78  7 58   380.3   5.60   2.79  10.7
2020  78  7 59   380.3   5.61   2.47  10.1
2020  78  8  0   379.4   5.43   2.31   9.8
2020  78  8  1   382.2   5.51   2.53  10.1
2020  78  8  2   371.5   5.38   2.57  10.1
2020  78  8  3   381.3   5.52   2.87  10.9
2020  78  8  4   379.6   5.91   3.15  11.4
2020  78  8  5   386.1   5.62   2.60  10.5
2020  78  8  6   389.0   5.51   2.68  10.6
2020  78  8  7   380.0   5.75   3.03  11.1
2020  78  8  8   380.8   5.78   3.03  11.1
2020  78  8  9   386.0   5.80   3.45  11.7
2020  78  8 10   385.5   5.74   3.08  11.2
2020  78  8 11   375.5   6.26   3.10  11.6
2020  78  8 12   375.5   6.26   3.19  11.7
2020  78  8 13 99999.9 999.99 999.99 999.9
2020  78  8 14 99999.9 999.99 999.99 999.9
2020  78  8 15   383.2   5.90   3.38  11.8
2020  78  8 16   383.2   5.90   3.23  11.6
2020  78  8 17   386.0   5.51   2.96  11.5
2020  78  8 18   386.8   5.40   3.22  12.1
2020  78  8 19 99999.9 999.99 999.99 999.9
2020  78  8 20 99999.9 999.99 999.99 999.9
2020  78  8 21 99999.9 999.99 999.99 999.9
2020  78  8 22 99999.9 999.99 999.99 999.9
2020  78  8 23 99999.9 999.99 999.99 999.9
2020  78  8 24 99999.9 999.99 999.99 999.9
2020  78  8 25 99999.9 999.99 999.99 999.9
2020  78  8 26 99999.9 999.99 999.99 999.9
2020  78  8 27 99999.9 999.99 999.99 999.9
2020  78  8 28 99999.9 999.99 999.99 999.9
2020  78  8 29   378.5   6.24   3.84  12.6
2020  78  8 30   378.5   6.24 999.99 999.9
2020  78  8 31 99999.9 999.99 999.99 999.9
2020  78  8 32 99999.9 999.99 999.99 999.9
2020  78  8 33 99999.9 999.99 999.99 999.9
2020  78  8 34   382.7   5.62   3.61  12.3
2020  78  8 35   382.7   5.62   3.30  11.8
2020  78  8 36   382.7   5.62   2.94  11.1
2020  78  8 37 99999.9 999.99 999.99 999.9
2020  78  8 38   381.0   5.60   2.58  10.8
2020  78  8 39   381.0   5.60   2.43  10.5
2020  78  8 40 99999.9 999.99 999.99 999.9
2020  78  8 41 99999.9 999.99 999.99 999.9
2020  78  8 42   383.6   4.93   2.42  10.0
2020  78  8 43   383.6   4.93   2.46  10.1
2020  78  8 44 99999.9 999.99 999.99 999.9
2020  78  8 45 99999.9 999.99 999.99 999.9
2020  78  8 46 99999.9 999.99 999.99 999.9
2020  78  8 47 99999.9 999.99 999.99 999.9
2020  78  8 48   380.2   5.45   2.81  10.7
2020  78  8 49   382.4   5.18   2.74  10.7
2020  78  8 50   385.3   4.80   2.53  10.4
2020  78  8 51   376.7   5.68   3.14  11.1
2020  78  8 52   376.7   5.68   2.98  10.8
2020  78  8 53 99999.9 999.99 999.99 999.9
2020  78  8 54 99999.9 999.99 999.99 999.9
2020  78  8 55 99999.9 999.99 999.99 999.9
2020  78  8 56   371.9   6.41   3.38  10.8
2020  78  8 57   371.9   6.41   3.44  10.9
2020  78  8 58 99999.9 999.99 999.99 999.9
2020  78  8 59 99999.9 999.99 999.99 999.9
2020  78  9  0 99999.9 999.99 999.99 999.9
2020  78  9  1 99999.9 999.99 999.99 999.9
2020  78  9  2   379.2   6.20   2.73  10.6
2020  78  9  3   379.2   6.20   2.73  10.6
2020  78  9  4   379.2   6.20   2.63  10.4
2020  78  9  5   377.7   5.96   2.38  10.4
2020  78  9  6   377.7   5.96   2.41  10.5
2020  78  9  7 99999.9 999.99 999.99 999.9
2020  78  9  8 99999.9 999.99 999.99 999.9
2020  78  9  9 99999.9 999.99 999.99 999.9
2020  78  9 10   380.2   5.94 999.99 999.9
2020  78  9 11   380.2   5.94   2.97  10.8
2020  78  9 12   380.2   5.94   2.60  10.1
2020  78  9 13   379.3   5.91   2.77  10.6
2020  78  9 14   378.5   5.92   2.64  10.3
2020  78  9 15   378.8   6.01   2.64  10.5
2020  78  9 16   374.2   5.73   2.33  10.0
2020  78  9 17   374.8   5.98   2.78  10.5
2020  78  9 18   373.9   5.72   2.69  10.4
2020  78  9 19   379.9   5.49   2.66  10.5
2020  78  9 20   378.0   5.52   2.71  10.6
2020  78  9 21 99999.9 999.99 999.99 999.9
2020  78  9 22 99999.9 999.99 999.99 999.9
2020  78  9 23   376.7   5.86   2.84  10.8
2020  78  9 24   376.7   5.86   2.83  10.7
2020  78  9 25   376.7   5.86   2.76  10.6
2020  78  9 26   383.4   5.82   2.92  10.8
2020  78  9 27   386.0   5.97   2.90  11.0
2020  78  9 28   394.0   6.41   2.98  11.7
2020  78  9 29 99999.9 999.99 999.99 999.9
2020  78  9 30 99999.9 999.99 999.99 999.9
2020  78  9 31   379.9   5.78   2.59  10.0
2020  78  9 32   379.9   5.78   2.84  10.5
2020  78  9 33   378.2   6.12   2.65  10.1
2020  78  9 34   379.2   6.26   2.69  10.3
2020  78  9 35   378.8   6.36   2.77  10.4
2020  78  9 36   377.9   6.27   2.68  10.2
2020  78  9 37   378.1   6.27   2.69  10.3
2020  78  9 38   380.1   6.21   2.70  10.5
2020  78  9 39   379.3   6.02   2.69  10.4
2020  78  9 40   377.1   6.21   2.65  10.5
2020  78  9 41   377.4   6.51   2.85  10.6
2020  78  9 42   379.2   6.30   2.74  10.4
2020  78  9 43   382.9   6.62   2.58  10.2
2020  78  9 44   382.1   5.80   2.63  10.5
2020  78  9 45   382.1   5.80   2.26   9.7
2020  78  9 46   382.1   5.80   2.60  10.4
2020  78  9 47 99999.9 999.99 999.99 999.9
2020  78  9 48 99999.9 999.99 999.99 999.9
2020  78  9 49 99999.9 999.99 999.99 999.9
2020  78  9 50 99999.9 999.99 999.99 999.9
2020  78  9 51   392.2   5.11   1.59   8.3
2020  78  9 52   392.2   5.11   1.62   8.4
2020  78  9 53 99999.9 999.99 999.99 999.9
2020  78  9 54 99999.9 999.99 999.99 999.9
2020  78  9 55 99999.9 999.99 999.99 999.9
2020  78  9 56 99999.9 999.99 999.99 999.9
2020  78  9 57 99999.9 999.99 999.99 999.9
2020  78  9 58 99999.9 999.99 999.99 999.9
2020  78  9 59 99999.9 999.99 999.99 999.9
2020  78 10  0   394.0   5.08   1.58   8.4
2020  78 10  1   394.0   5.08 999.99 999.9
2020  78 10  2 99999.9 999.99 999.99 999.9
2020  78 10  3 99999.9 999.99 999.99 999.9
2020  78 10  4 99999.9 999.99 999.99 999.9
2020  78 10  5 99999.9 999.99 999.99 999.9
2020  78 10  6 99999.9 999.99 999.99 999.9
2020  78 10  7 99999.9 999.99 999.99 999.9
2020  78 10  8 99999.9 999.99 999.99 999.9
2020  78 10  9   395.1   5.77 999.99 999.9
2020  78 10 10   395.1   5.77   1.64   9.0
2020  78 10 11   395.1   5.77   1.64   9.0
2020  78 10 12 99999.9 999.99 999.99 999.9
2020  78 10 13 99999.9 999.99 999.99 999.9
2020  78 10 14 99999.9 999.99 999.99 999.9
2020  78 10 15   394.1   5.68   1.66   8.8
2020  78 10 16   394.1   5.68   1.67   8.9
2020  78 10 17 99999.9 999.99 999.99 999.9
2020  78 10 18   390.8   5.14   1.52   8.3
2020  78 10 19   390.8   5.14   1.52   8.3
2020  78 10 20   390.8   5.14   1.52   8.3
2020  78 10 21   393.5   4.18   1.06   7.3
2020  78 10 22   392.7   4.55   1.21   7.7
2020  78 10 23   392.9   4.83   1.27   7.8
2020  78 10 24   401.4   4.63   1.21   7.9
2020  78 10 25   402.1   4.58   1.19   7.8
2020  78 10 26 99999.9 999.99 999.99 999.9
2020  78 10 27 99999.9 999.99 999.99 999.9
2020  78 10 28   399.1   4.23   1.07   7.3
2020  78 10 29   399.1   4.23   1.07   7.3
2020  78 10 30   393.5   4.39   1.11   7.3
2020  78 10 31   393.5   4.39 999.99 999.9
2020  78 10 32 99999.9 999.99 999.99 999.9
2020  78 10 33 99999.9 999.99 999.99 999.9
2020  78 10 34 99999.9 999.99 999.99 999.9
2020  78 10 35 99999.9 999.99 999.99 999.9
2020  78 10 36   396.3   4.81   1.24   7.7
2020  78 10 37   396.5   4.77   1.21   7.6
2020  78 10 38   401.6   3.64   0.86   6.6
2020  78 10 39   401.6   3.64   0.84   6.6
2020  78 10 40   383.7   4.80   1.24   7.5
2020  78 10 41   383.7   4.80   1.27   7.6
2020  78 10 42   387.0   4.70   1.19   7.6
2020  78 10 43   387.1   4.70   1.18   7.6
2020  78 10 44 99999.9 999.99 999.99 999.9
2020  78 10 45   382.5   4.68   1.25   7.5
2020  78 10 46   382.6   4.67   1.26   7.6
2020  78 10 47   386.2   4.47   1.20   7.6
2020  78 10 48   387.3   4.74   1.30   7.8
2020  78 10 49   387.4   4.78   1.31   7.8
2020  78 10 50   386.9   4.70   1.26   7.8
2020  78 10 51   386.9   4.70   1.26   7.8
2020  78 10 52   386.9   4.70 999.99 999.9
2020  78 10 53 99999.9 999.99 999.99 999.9
2020  78 10 54 99999.9 999.99 999.99 999.9
2020  78 10 55   388.2   4.65   1.25   7.7
2020  78 10 56   387.4   4.64   1.24   7.7
2020  78 10 57   383.8   4.60   1.26   7.7
2020  78 10 58   383.5   4.60   1.16   7.3
2020  78 10 59 99999.9 999.99 999.99 999.9
2020  78 11  0   392.1   3.60   0.85   6.6
2020  78 11  1   391.5   3.61   0.86   6.7
2020  78 11  2   391.0   3.63   0.94   7.0
2020  78 11  3 99999.9 999.99 999.99 999.9
2020  78 11  4 99999.9 999.99 999.99 999.9
2020  78 11  5 99999.9 999.99 999.99 999.9
2020  78 11  6   389.5   3.74   0.96   6.4
2020  78 11  7   389.5   3.74   0.96   6.5
2020  78 11  8 99999.9 999.99 999.99 999.9
2020  78 11  9 99999.9 999.99 999.99 999.9
2020  78 11 10 99999.9 999.99 999.99 999.9
2020  78 11 11   392.6   3.16   0.64   5.9
2020  78 11 12   392.6   3.16   0.68   6.1
2020  78 11 13 99999.9 999.99 999.99 999.9
2020  78 11 14   404.1   4.58   1.27   7.7
2020  78 11 15   404.1   4.58   1.22   7.5
2020  78 11 16 99999.9 999.99 999.99 999.9
2020  78 11 17 99999.9 999.99 999.99 999.9
2020  78 11 18 99999.9 999.99 999.99 999.9
2020  78 11 19   396.9   4.07   1.09   7.3
2020  78 11 20   396.9   4.07   1.03   7.1
2020  78 11 21   396.9   4.07   1.08   7.3
2020  78 11 22 99999.9 999.99 999.99 999.9
2020  78 11 23   409.9   4.02   1.02   7.4
2020  78 11 24   406.9   3.73   0.84   6.9
2020  78 11 25   399.6   3.43   0.73   6.3
2020  78 11 26   397.8   3.42   0.77   6.3
2020  78 11 27   400.3   3.75   0.87   6.6
2020  78 11 28   396.6   3.91   0.88   6.6
2020  78 11 29   396.2   3.55   0.78   6.3
2020  78 11 30   398.0   3.38   0.72   6.1
2020  78 11 31 99999.9 999.99 999.99 999.9
2020  78 11 32 99999.9 999.99 999.99 999.9
2020  78 11 33 99999.9 999.99 999.99 999.9
2020  78 11 34 99999.9 999.99 999.99 999.9
2020  78 11 35 99999.9 999.99 999.99 999.9
2020  78 11 36   394.1   4.14   1.05   6.9
2020  78 11 37   394.1   4.14   1.05   6.9
2020  78 11 38   394.1   4.14 999.99 999.9
2020  78 11 39 99999.9 999.99 999.99 999.9
2020  78 11 40 99999.9 999.99 999.99 999.9
2020  78 11 41 99999.9 999.99 999.99 999.9
2020  78 11 42 99999.9 999.99 999.99 999.9
2020  78 11 43 99999.9 999.99 999.99 999.9
2020  78 11 44 99999.9 999.99 999.99 999.9
2020  78 11 45   399.2   3.46   0.75   6.4
2020  78 11 46   399.2   3.46 999.99 999.9
2020  78 11 47   399.2   3.46 999.99 999.9
2020  78 11 48 99999.9 999.99 999.99 999.9
2020  78 11 49 99999.9 999.99 999.99 999.9
2020  78 11 50 99999.9 999.99 999.99 999.9
2020  78 11 51 99999.9 999.99 999.99 999.9
2020  78 11 52 99999.9 999.99 999.99 999.9
2020  78 11 53 99999.9 999.99 999.99 999.9
2020  78 11 54 99999.9 999.99 999.99 999.9
2020  78 11 55 99999.9 999.99 999.99 999.9
2020  78 11 56 99999.9 999.99 999.99 999.9
2020  78 11 57 99999.9 999.99 999.99 999.9
2020  78 11 58 99999.9 999.99 999.99 999.9
2020  78 11 59   403.2   4.15   1.02   7.0
2020  78 12  0   403.3   4.15   1.04   7.1
2020  78 12  1   401.9   4.14   1.08   7.1
2020  78 12  2   402.1   4.10   1.16   7.4
2020  78 12  3   406.1   4.49   1.33   7.8
2020  78 12  4   406.9   4.46   1.29   7.8
2020  78 12  5   394.9   3.34   0.77   6.3
2020  78 12  6   399.1   4.69   1.30   7.5
2020  78 12  7   394.7   3.41   0.76   6.3
2020  78 12  8   396.9   2.97   0.62   5.9
2020  78 12  9   401.1   3.24   0.83   6.8
2020  78 12 10   397.8   5.31   1.57   8.1
2020  78 12 11   397.8   5.31   1.43   7.7
2020  78 12 12 99999.9 999.99 999.99 999.9
2020  78 12 13 99999.9 999.99 999.99 999.9
2020  78 12 14   393.3   2.97   0.66   6.0
2020  78 12 15   393.6   2.99   0.61   5.8
2020  78 12 16   397.9   3.31   0.73   6.3
2020  78 12 17   395.7   3.30   0.70   6.1
2020  78 12 18   399.9   4.27   1.14   7.4
2020  78 12 19   399.7   3.74   0.90   6.8
2020  78 12 20   399.9   3.31   0.85   6.8
2020  78 12 21   394.2   5.34   1.56   8.6
2020  78 12 22   395.9   5.34   1.62   8.6
2020  78 12 23   398.4   5.34   1.68   8.6
2020  78 12 24   391.8   5.80   1.92   8.7
2020  78 12 25   390.8   5.88   1.97   8.7
2020  78 12 26   393.6   5.98   1.81   9.0
2020  78 12 27   394.6   5.98   1.81   9.0
2020  78 12 28   407.4   6.02   1.45   9.1
2020  78 12 29   408.0   5.55   1.34   8.8
2020  78 12 30   409.3   5.91   1.49   9.2
2020  78 12 31   409.7   6.06   1.58   9.4
2020  78 12 32   402.4   6.63   1.75   9.7
2020  78 12 33   404.2   6.54   1.53   9.1
2020  78 12 34   415.3   5.80   1.23   8.4
2020  78 12 35   422.3   5.31   1.09   8.1
2020  78 12 36 99999.9 999.99 999.99 999.9
2020  78 12 37   419.2   5.93   1.38   8.5
2020  78 12 38   419.0   6.14   1.28   8.2
2020  78 12 39   420.2   6.40   1.41   8.3
2020  78 12 40   415.9   7.71   2.03   9.5
2020  78 12 41   428.4   6.44   2.01  10.3
2020  78 12 42   429.0   6.38   2.99  12.4
2020  78 12 43   429.5   6.39   2.14  10.5
2020  78 12 44 99999.9 999.99 999.99 999.9
2020  78 12 45 99999.9 999.99 999.99 999.9
2020  78 12 46 99999.9 999.99 999.99 999.9
2020  78 12 47 99999.9 999.99 999.99 999.9
2020  78 12 48 99999.9 999.99 999.99 999.9
2020  78 12 49 99999.9 999.99 999.99 999.9
2020  78 12 50 99999.9 999.99 999.99 999.9
2020  78 12 51 99999.9 999.99 999.99 999.9
2020  78 12 52 99999.9 999.99 999.99 999.9
2020  78 12 53 99999.9 999.99 999.99 999.9
2020  78 12 54   413.6   6.54   1.75   9.5
2020  78 12 55   413.5   6.29   1.68   9.2
2020  78 12 56   412.7   6.16   1.52   8.8
2020  78 12 57   411.6   6.78   1.42   8.8
2020  78 12 58   409.7   6.69   1.42   8.8
2020  78 12 59   406.6   6.60   1.20   8.3
2020  78 13  0   408.9   6.29   1.43   8.6
2020  78 13  1   412.8   6.39   1.52   8.7
2020  78 13  2   411.1   6.27   1.45   8.2
2020  78 13  3   407.9   5.93   1.31   8.1
2020  78 13  4   412.7   6.28   1.44   8.7
2020  78 13  5   413.4   6.38   1.73   9.4
2020  78 13  6   412.4   6.23   1.38   8.4
2020  78 13  7   409.5   6.29   1.17   8.1
2020  78 13  8   412.6   6.46   1.31   8.5
2020  78 13  9   415.2   6.54   1.43   8.9
2020  78 13 10   415.3   6.54   1.63   9.5
2020  78 13 11   407.7   5.66   1.26   8.0
2020  78 13 12   410.9   6.09   1.34   8.4
2020  78 13 13   413.6   6.26   1.49   9.1
2020  78 13 14   414.8   6.52   1.52   9.2
2020  78 13 15   414.8   6.52   1.31   8.6
2020  78 13 16 99999.9 999.99 999.99 999.9
2020  78 13 17   411.3   5.38   1.52   9.4
2020  78 13 18   410.9   5.88   2.07  10.7
2020  78 13 19   410.3   6.85   2.58  11.4
2020  78 13 20   410.3   6.70   1.94  10.3
2020  78 13 21   410.7   6.62   1.98  10.3
2020  78 13 22   412.2   6.45   1.47   9.0
2020  78 13 23   413.0   6.38   1.72   9.7
2020  78 13 24 99999.9 999.99 999.99 999.9
2020  78 13 25 99999.9 999.99 999.99 999.9
2020  78 13 26   407.6   5.74   1.18   7.8
2020  78 13 27   410.4   6.15   1.65   9.3
2020  78 13 28   412.8   6.52   1.18   7.9
2020  78 13 29 99999.9 999.99 999.99 999.9
2020  78 13 30 99999.9 999.99 999.99 999.9
2020  78 13 31 99999.9 999.99 999.99 999.9
2020  78 13 32 99999.9 999.99 999.99 999.9
2020  78 13 33 99999.9 999.99 999.99 999.9
2020  78 13 34   412.0   6.52   1.74   9.6
2020  78 13 35   412.0   6.52   1.38   8.6
2020  78 13 36 99999.9 999.99 999.99 999.9
2020  78 13 37 99999.9 999.99 999.99 999.9
2020  78 13 38 99999.9 999.99 999.99 999.9
2020  78 13 39 99999.9 999.99 999.99 999.9
2020  78 13 40   413.2   6.28   1.69   9.5
2020  78 13 41   413.2   6.28   1.67   9.4
2020  78 13 42   413.2   6.28   1.68   9.4
2020  78 13 43   415.0   6.89   1.93  10.1
2020  78 13 44   414.3   6.61   1.86   9.8
2020  78 13 45   414.9   6.48   1.81   9.7
2020  78 13 46   416.2   6.62   1.74   9.8
2020  78 13 47   417.1   6.62   1.80   9.9
2020  78 13 48   417.1   6.62   1.87  10.1
2020  78 13 49 99999.9 999.99 999.99 999.9
2020  78 13 50   411.8   6.67   1.82   9.8
2020  78 13 51   411.8   6.67 999.99 999.9
2020  78 13 52 99999.9 999.99 999.99 999.9
2020  78 13 53   411.9   6.32   1.73   9.4
2020  78 13 54   411.9   6.32   1.80   9.6
2020  78 13 55 99999.9 999.99 999.99 999.9
2020  78 13 56   414.1   6.53   1.84   9.6
2020  78 13 57   414.1   6.53   1.74   9.4
2020  78 13 58   421.6   5.81   1.49   9.3
2020  78 13 59   418.7   6.33   1.61   9.5
2020  78 14  0   418.1   6.45   1.71   9.8
2020  78 14  1 99999.9 999.99 999.99 999.9
2020  78 14  2 99999.9 999.99 999.99 999.9
2020  78 14  3 99999.9 999.99 999.99 999.9
2020  78 14  4   416.1   6.61   1.75   9.9
2020  78 14  5   416.1   6.61   1.75   9.9
2020  78 14  6   416.1   6.61   1.77  10.0
2020  78 14  7 99999.9 999.99 999.99 999.9
2020  78 14  8 99999.9 999.99 999.99 999.9
2020  78 14  9 99999.9 999.99 999.99 999.9
2020  78 14 10   415.9   6.15   2.00  10.0
2020  78 14 11   417.8   6.52   2.05  10.3
2020  78 14 12   420.1   6.96   2.13  10.8
2020  78 14 13 99999.9 999.99 999.99 999.9
2020  78 14 14   417.5   6.28   2.10  10.2
2020  78 14 15   416.4   6.31   1.96   9.9
2020  78 14 16   410.5   6.00   1.54   8.6
2020  78 14 17   401.3   4.46   1.26   7.3
2020  78 14 18   402.0   4.44   1.23   7.5
2020  78 14 19   423.4   6.95   1.70   9.4
2020  78 14 20   408.6   5.83   1.69   8.9
2020  78 14 21   409.4   5.78   1.70   9.1
2020  78 14 22   406.5   5.16   1.23   7.5
2020  78 14 23   400.9   4.57   1.14   7.0
2020  78 14 24   402.0   4.13   0.96   6.6
2020  78 14 25   398.9   4.47   1.24   7.1
2020  78 14 26   401.1   4.82   1.30   7.3
2020  78 14 27   401.1   4.82   1.31   7.3
2020  78 14 28 99999.9 999.99 999.99 999.9
2020  78 14 29 99999.9 999.99 999.99 999.9
2020  78 14 30 99999.9 999.99 999.99 999.9
2020  78 14 31 99999.9 999.99 999.99 999.9
2020  78 14 32 99999.9 999.99 999.99 999.9
2020  78 14 33 99999.9 999.99 999.99 999.9
2020  78 14 34   397.4   4.96   1.43   7.6
2020  78 14 35   397.4   4.96   1.39   7.5
2020  78 14 36 99999.9 999.99 999.99 999.9
2020  78 14 37 99999.9 999.99 999.99 999.9
2020  78 14 38 99999.9 999.99 999.99 999.9
2020  78 14 39 99999.9 999.99 999.99 999.9
2020  78 14 40   402.7   4.42   1.11   7.0
2020  78 14 41   402.7   4.42   1.12   7.0
2020  78 14 42   402.7   4.42   1.13   7.1
2020  78 14 43   402.1   4.34   1.30   7.2
2020  78 14 44   402.1   4.34   1.26   7.1
2020  78 14 45   399.5   4.76   1.37   7.3
2020  78 14 46   399.6   4.75   1.39   7.4
2020  78 14 47   405.1   4.17   1.00   6.8
2020  78 14 48   405.1   4.17   1.00   6.8
2020  78 14 49   399.6   4.12   0.95   6.6
2020  78 14 50   397.7   4.32   1.08   7.1
2020  78 14 51   396.0   4.50   1.00   6.9
2020  78 14 52 99999.9 999.99 999.99 999.9
2020  78 14 53 99999.9 999.99 999.99 999.9
2020  78 14 54 99999.9 999.99 999.99 999.9
2020  78 14 55 99999.9 999.99 999.99 999.9
2020  78 14 56 99999.9 999.99 999.99 999.9
2020  78 14 57 99999.9 999.99 999.99 999.9
2020  78 14 58   399.1   3.94   0.86   6.3
2020  78 14 59   399.1   3.94   0.85   6.3
2020  78 15  0   399.1   3.94   0.85   6.3
2020  78 15  1 99999.9 999.99 999.99 999.9
2020  78 15  2 99999.9 999.99 999.99 999.9
2020  78 15  3 99999.9 999.99 999.99 999.9
2020  78 15  4   395.7   4.10   1.03   6.5
2020  78 15  5   395.7   4.10   1.01   6.4
2020  78 15  6   395.7   4.10   1.01   6.4
2020  78 15  7 99999.9 999.99 999.99 999.9
2020  78 15  8 99999.9 999.99 999.99 999.9
2020  78 15  9 99999.9 999.99 999.99 999.9
2020  78 15 10 99999.9 999.99 999.99 999.9
2020  78 15 11 99999.9 999.99 999.99 999.9
2020  78 15 12   394.9   4.25   1.12   6.6
2020  78 15 13   394.9   4.25   1.12   6.6
2020  78 15 14   399.3   3.91   0.92   6.3
2020  78 15 15   399.3   3.91   0.92   6.3
2020  78 15 16 99999.9 999.99 999.99 999.9
2020  78 15 17 99999.9 999.99 999.99 999.9
2020  78 15 18   398.7   4.38   1.61   8.2
2020  78 15 19   396.7   4.32   1.70   8.7
2020  78 15 20   397.9   4.36   1.53   8.1
2020  78 15 21   393.7   4.40   1.35   7.6
2020  78 15 22   394.8   4.52   1.75   8.8
2020  78 15 23   394.5   4.61   1.59   8.4
2020  78 15 24   394.7   4.53   1.71   8.6
2020  78 15 25   392.4   4.39   1.74   8.7
2020  78 15 26   385.4   4.89   2.09   9.4
2020  78 15 27   389.1   4.79   1.46   7.8
2020  78 15 28   397.4   4.59   1.54   8.0
2020  78 15 29   398.6   4.83   1.51   8.3
2020  78 15 30   397.8   4.78   1.52   8.4
2020  78 15 31   396.7   5.02   1.72   8.8
2020  78 15 32   399.1   4.85   1.53   8.5
2020  78 15 33   398.9   5.02   1.78   9.2
2020  78 15 34   398.7   5.19   1.61   8.9
2020  78 15 35 99999.9 999.99 999.99 999.9
2020  78 15 36   390.3   5.71   2.66  10.8
2020  78 15 37   390.3   5.72   2.70  10.9
2020  78 15 38   389.4   6.13   2.61  11.0
2020  78 15 39   390.3   5.97   2.66  11.2
2020  78 15 40   397.0   4.84   1.49   8.6
2020  78 15 41   395.8   4.79   1.59   8.7
2020  78 15 42   398.0   4.85   1.58   8.6
2020  78 15 43   398.0   4.84   1.53   8.5
2020  78 15 44   397.7   4.82   1.53   8.5
2020  78 15 45 99999.9 999.99 999.99 999.9
2020  78 15 46   395.2   4.95   1.62   8.7
2020  78 15 47   395.7   4.84   1.60   8.7
2020  78 15 48   396.4   4.73   1.57   8.6
2020  78 15 49   396.8   4.66   1.55   8.5
2020  78 15 50   397.0   4.89   1.58   8.5
2020  78 15 51   396.0   4.84   1.54   8.3
2020  78 15 52   395.9   4.82   1.53   8.3
2020  78 15 53   394.8   4.99   1.66   8.5
2020  78 15 54   394.8   4.99   1.66   8.5
2020  78 15 55   395.5   4.74   1.53   8.6
2020  78 15 56   395.5   4.74   1.56   8.7
2020  78 15 57   395.1   4.73   1.45   8.7
2020  78 15 58   395.1   4.73   1.48   8.8
2020  78 15 59   394.0   4.76   1.50   8.6
2020  78 16  0   394.4   4.68   1.42   8.4
2020  78 16  1   395.3   4.66   1.71   9.2
2020  78 16  2   389.6   5.34   1.86   9.2
2020  78 16  3   393.5   5.15   1.56   8.5
2020  78 16  4   396.8   4.80   1.41   8.4
2020  78 16  5   396.1   4.76   1.34   8.3
2020  78 16  6   393.0   4.39   1.30   8.0
2020  78 16  7   396.8   5.11   1.86   9.2
2020  78 16  8   390.8   5.49   2.42  10.1
2020  78 16  9   388.1   5.52   2.09   9.7
2020  78 16 10   390.8   5.47   2.25  10.2
2020  78 16 11   387.8   5.52   2.17  10.0
2020  78 16 12   387.8   5.52 999.99 999.9
2020  78 16 13 99999.9 999.99 999.99 999.9
2020  78 16 14 99999.9 999.99 999.99 999.9
2020  78 16 15 99999.9 999.99 999.99 999.9
2020  78 16 16 99999.9 999.99 999.99 999.9
2020  78 16 17   395.5   5.32   2.32   9.6
2020  78 16 18   395.5   5.32   2.32   9.6
2020  78 16 19   395.5   5.32 999.99 999.9
2020  78 16 20 99999.9 999.99 999.99 999.9
2020  78 16 21 99999.9 999.99 999.99 999.9
2020  78 16 22 99999.9 999.99 999.99 999.9
2020  78 16 23 99999.9 999.99 999.99 999.9
2020  78 16 24 99999.9 999.99 999.99 999.9
2020  78 16 25 99999.9 999.99 999.99 999.9
2020  78 16 26 99999.9 999.99 999.99 999.9
2020  78 16 27 99999.9 999.99 999.99 999.9
2020  78 16 28   397.7   5.43   1.92   9.5
2020  78 16 29   397.7   5.43   2.02   9.7
2020  78 16 30   399.8   5.19   1.89   9.5
2020  78 16 31   398.1   5.15   1.91   9.5
2020  78 16 32   393.1   5.12   1.96   9.4
2020  78 16 33   390.7   5.16   1.90   9.0
2020  78 16 34   399.5   5.09   1.78   9.2
2020  78 16 35   399.5   5.10   1.76   9.1
2020  78 16 36   398.1   5.47   1.87   9.5
2020  78 16 37   395.3   5.32   1.96   9.3
2020  78 16 38   394.7   5.29   1.97   9.2
2020  78 16 39   401.4   5.58   1.80   9.6
2020  78 16 40   396.1   5.05   1.61   9.1
2020  78 16 41   396.6   5.18   1.65   9.1
2020  78 16 42   398.9   5.51   1.85   9.5
2020  78 16 43   398.4   5.32   1.69   9.3
2020  78 16 44   398.8   5.26   1.66   9.1
2020  78 16 45   399.4   5.18   1.64   9.0
2020  78 16 46   399.5   5.42   1.82   9.4
2020  78 16 47   399.5   5.42   1.81   9.3
2020  78 16 48   399.6   5.44   1.82   9.3
2020  78 16 49   398.8   5.27   1.76   9.2
2020  78 16 50   397.3   4.94   1.55   8.6
2020  78 16 51   398.1   4.86   1.47   8.6
2020  78 16 52   398.1   4.86   1.50   8.7
2020  78 16 53   398.2   4.31   1.29   8.2
2020  78 16 54   398.4   4.65   1.45   8.5
2020  78 16 55   398.7   5.03   1.59   8.8
2020  78 16 56 99999.9 999.99 999.99 999.9
2020  78 16 57 99999.9 999.99 999.99 999.9
2020  78 16 58   397.4   5.00   1.56   8.8
2020  78 16 59   397.4   5.00   1.56   8.8
2020  78 17  0   397.4   5.00   1.56   8.8
2020  78 17  1 99999.9 999.99 999.99 999.9
2020  78 17  2 99999.9 999.99 999.99 999.9
2020  78 17  3 99999.9 999.99 999.99 999.9
2020  78 17  4   395.6   4.30   1.26   8.1
2020  78 17  5   395.6   4.30   1.25   8.1
2020  78 17  6   395.6   4.30   1.25   8.1
2020  78 17  7 99999.9 999.99 999.99 999.9
2020  78 17  8 99999.9 999.99 999.99 999.9
2020  78 17  9 99999.9 999.99 999.99 999.9
2020  78 17 10   394.5   4.11   1.17   7.9
2020  78 17 11   394.5   4.11   1.18   7.9
2020  78 17 12   394.5   4.11   1.17   7.9
2020  78 17 13 99999.9 999.99 999.99 999.9
2020  78 17 14 99999.9 999.99 999.99 999.9
2020  78 17 15 99999.9 999.99 999.99 999.9
2020  78 17 16   393.7   4.81   1.56   8.7
2020  78 17 17   393.7   4.81   1.54   8.7
2020  78 17 18 99999.9 999.99 999.99 999.9
2020  78 17 19 99999.9 999.99 999.99 999.9
2020  78 17 20 99999.9 999.99 999.99 999.9
2020  78 17 21   392.0   4.13   1.25   8.0
2020  78 17 22   392.0   4.13   1.27   8.1
2020  78 17 23   392.0   4.13   1.27   8.1
2020  78 17 24 99999.9 999.99 999.99 999.9
2020  78 17 25   389.6   4.68   1.55   8.8
2020  78 17 26   389.6   4.68   1.54   8.8
2020  78 17 27   389.6   4.68   1.52   8.7
2020  78 17 28 99999.9 999.99 999.99 999.9
2020  78 17 29 99999.9 999.99 999.99 999.9
2020  78 17 30   391.0   4.61   1.41   8.7
2020  78 17 31   391.0   4.61   1.41   8.7
2020  78 17 32 99999.9 999.99 999.99 999.9
2020  78 17 33 99999.9 999.99 999.99 999.9
2020  78 17 34   392.9   5.30   1.63   9.3
2020  78 17 35   392.9   5.30   1.64   9.3
2020  78 17 36 99999.9 999.99 999.99 999.9
2020  78 17 37 99999.9 999.99 999.99 999.9
2020  78 17 38 99999.9 999.99 999.99 999.9
2020  78 17 39 99999.9 999.99 999.99 999.9
2020  78 17 40 99999.9 999.99 999.99 999.9
2020  78 17 41 99999.9 999.99 999.99 999.9
2020  78 17 42 99999.9 999.99 999.99 999.9
2020  78 17 43   396.9   5.24   1.95   9.8
2020  78 17 44   396.9   5.24   2.06  10.1
2020  78 17 45   396.9   5.24   2.05  10.1
2020  78 17 46 99999.9 999.99 999.99 999.9
2020  78 17 47   394.5   5.40   2.49  10.8
2020  78 17 48   394.5   5.40   2.43  10.7
2020  78 17 49   394.5   5.40   2.43  10.7
2020  78 17 50 99999.9 999.99 999.99 999.9
2020  78 17 51   395.1   5.00   2.20  10.1
2020  78 17 52   395.1   5.00   2.22  10.1
2020  78 17 53 99999.9 999.99 999.99 999.9
2020  78 17 54 99999.9 999.99 999.99 999.9
2020  78 17 55   394.0   5.99   3.04  11.6
2020  78 17 56   394.1   5.88   2.89  11.3
2020  78 17 57   394.3   4.84   2.13   9.8
2020  78 17 58   393.8   4.70   2.06   9.7
2020  78 17 59 99999.9 999.99 999.99 999.9
2020  78 18  0 99999.9 999.99 999.99 999.9
2020  78 18  1   396.8   4.44   1.77   9.4
2020  78 18  2   396.8   4.44   1.60   8.9
2020  78 18  3 99999.9 999.99 999.99 999.9
2020  78 18  4   393.6   3.85   1.41   8.6
2020  78 18  5   393.6   3.85   1.30   8.2
2020  78 18  6   391.7   4.10   1.46   8.6
2020  78 18  7   391.7   4.14   1.50   8.7
2020  78 18  8   394.1   4.22   1.42   8.9
2020  78 18  9   394.1   4.22   1.38   8.7
2020  78 18 10   393.0   4.81   1.69   9.2
2020  78 18 11   395.1   4.92   1.78   9.5
2020  78 18 12   398.9   4.74   1.60   9.3
2020  78 18 13   398.9   4.51   1.48   9.0
2020  78 18 14   393.8   4.55   1.51   8.9
2020  78 18 15   393.8   4.55   1.49   8.8
2020  78 18 16   392.3   4.77   1.55   9.1
2020  78 18 17   392.4   4.83   1.60   9.2
2020  78 18 18   390.9   4.71   1.62   8.9
2020  78 18 19   392.2   4.68   1.52   8.7
2020  78 18 20   392.5   4.51   1.38   8.4
2020  78 18 21   389.0   4.71   1.40   8.3
2020  78 18 22   387.6   4.89   1.53   8.6
2020  78 18 23   390.6   4.94   1.54   8.7
2020  78 18 24   389.3   4.94   1.60   8.8
2020  78 18 25   389.9   5.05   1.60   8.8
2020  78 18 26   389.7   5.06   1.62   8.8
2020  78 18 27   390.8   5.14   1.55   8.8
2020  78 18 28   389.8   4.86   1.45   8.5
2020  78 18 29   390.2   5.13   1.62   8.9
2020  78 18 30   388.9   5.16   1.61   8.7
2020  78 18 31   389.2   5.06   1.45   8.2
2020  78 18 32   400.6   4.61   1.43   8.5
2020  78 18 33   406.6   4.58   1.53   9.2
2020  78 18 34   400.7   4.85   1.57   9.2
2020  78 18 35   392.0   5.08   1.90   9.7
2020  78 18 36   400.2   5.33   1.91   9.9
2020  78 18 37   402.5   4.92   1.79   9.8
2020  78 18 38 99999.9 999.99 999.99 999.9
2020  78 18 39   399.9   5.12   2.03  10.2
2020  78 18 40   399.9   5.12   2.03  10.2
2020  78 18 41   399.9   5.12 999.99 999.9
2020  78 18 42 99999.9 999.99 999.99 999.9
2020  78 18 43 99999.9 999.99 999.99 999.9
2020  78 18 44 99999.9 999.99 999.99 999.9
2020  78 18 45 99999.9 999.99 999.99 999.9
2020  78 18 46   415.6   5.45   2.34  11.2
2020  78 18 47   415.6   5.45   2.44  11.4
2020  78 18 48   403.8   5.69   2.93  11.8
2020  78 18 49   403.2   5.70   3.15  12.2
2020  78 18 50 99999.9 999.99 999.99 999.9
2020  78 18 51 99999.9 999.99 999.99 999.9
2020  78 18 52   400.0   5.64   2.93  12.1
2020  78 18 53   400.0   5.64   2.80  11.8
2020  78 18 54 99999.9 999.99 999.99 999.9
2020  78 18 55   393.7   6.00   3.09  12.4
2020  78 18 56   393.7   6.00   2.30  10.7
2020  78 18 57 99999.9 999.99 999.99 999.9
2020  78 18 58   399.7   5.19   2.07  10.4
2020  78 18 59   399.7   5.19   2.23  10.8
2020  78 19  0   398.3   6.43   3.56  12.3
2020  78 19  1   396.4   6.29   3.13  11.5
2020  78 19  2   391.9   5.80   2.91  10.9
2020  78 19  3   402.4   5.25   2.53  11.4
2020  78 19  4   401.8   5.45   2.36  10.8
2020  78 19  5   395.2   5.80   2.48  10.3
2020  78 19  6   397.9   5.14   1.93   9.8
2020  78 19  7 99999.9 999.99 999.99 999.9
2020  78 19  8 99999.9 999.99 999.99 999.9
2020  78 19  9 99999.9 999.99 999.99 999.9
2020  78 19 10   401.5   6.25   3.00  11.6
2020  78 19 11   401.5   6.25   2.91  11.4
2020  78 19 12   403.0   4.78   1.97  10.3
2020  78 19 13   401.9   5.51   2.56  11.3
2020  78 19 14   403.8   5.71   2.69  11.5
2020  78 19 15   396.6   5.68   2.85  11.3
2020  78 19 16   410.1   5.03   2.16  10.9
2020  78 19 17   416.1   5.40   2.42  11.6
2020  78 19 18   396.3   6.03   3.43  11.8
2020  78 19 19   408.2   5.47   2.58  11.4
2020  78 19 20   410.0   5.81   2.56  11.4
2020  78 19 21   410.8   6.11   2.80  11.9
2020  78 19 22   409.3   5.70   2.45  11.3
2020  78 19 23   409.4   5.56   2.27  10.9
2020  78 19 24   408.5   5.93   2.51  11.3
2020  78 19 25   402.7   5.89   2.12  10.5
2020  78 19 26   405.6   6.71   2.60  11.1
2020  78 19 27   418.2   6.58   2.47  11.1
2020  78 19 28   419.0   6.73   2.34  10.8
2020  78 19 29   414.7   6.70   2.37  10.6
2020  78 19 30   424.8   6.34   2.72  11.6
2020  78 19 31   422.6   6.49   2.47  11.1
2020  78 19 32   413.3   7.14   2.59  11.5
2020  78 19 33   419.4   6.42   2.81  11.7
2020  78 19 34   420.1   6.52   2.69  11.5
2020  78 19 35   421.7   6.43   1.71   9.3
2020  78 19 36   410.5   6.94   1.97   9.2
2020  78 19 37   410.7   6.99   2.01   9.2
2020  78 19 38   411.7   7.01   2.11   9.5
2020  78 19 39   413.8   6.87   2.00   9.6
2020  78 19 40   412.2   7.05   1.97   9.8
2020  78 19 41   412.2   7.05   1.94   9.7
2020  78 19 42   410.0   7.30   2.30   9.9
2020  78 19 43   410.0   7.30   2.37  10.0
2020  78 19 44   411.9   7.50   2.15  10.2
2020  78 19 45   411.9   7.50   2.06  10.0
2020  78 19 46   411.9   7.50   2.00   9.9
2020  78 19 47   412.9   7.26   2.02   9.7
2020  78 19 48   412.9   7.26   1.96   9.5
2020  78 19 49   416.2   6.99   1.46   8.8
2020  78 19 50   415.2   7.16   1.59   8.9
2020  78 19 51   414.8   7.24   1.67   9.0
2020  78 19 52   416.3   7.37   1.72   9.1
2020  78 19 53   416.6   7.26   1.60   8.9
2020  78 19 54   416.7   7.22   1.57   8.8
2020  78 19 55   415.4   7.29   1.64   8.7
2020  78 19 56   415.4   7.34   1.69   8.9
2020  78 19 57   415.4   7.35   1.73   9.0
2020  78 19 58   417.7   7.40   1.72   9.1
2020  78 19 59   417.7   7.40   1.72   9.1
2020  78 20  0   415.9   7.42   1.80   9.1
2020  78 20  1   413.7   7.24   1.59   8.6
2020  78 20  2   408.6   6.91   1.36   8.1
2020  78 20  3   410.5   7.05   1.43   8.2
2020  78 20  4   409.9   6.71   1.39   8.0
2020  78 20  5   411.5   6.86   1.52   8.2
2020  78 20  6   411.9   6.82   1.45   8.1
2020  78 20  7   412.2   6.79   1.38   8.0
2020  78 20  8   410.5   7.44   1.47   8.4
2020  78 20  9   410.5   7.44   1.46   8.3
2020  78 20 10   412.0   7.00   1.41   8.2
2020  78 20 11   412.3   7.25   1.62   8.3
2020  78 20 12   411.0   7.27   1.55   8.3
2020  78 20 13   410.5   7.26   1.52   8.6
2020  78 20 14 99999.9 999.99 999.99 999.9
2020  78 20 15 99999.9 999.99 999.99 999.9
2020  78 20 16   412.8   7.08   1.58   8.4
2020  78 20 17   412.8   7.08   1.58   8.4
2020  78 20 18   412.8   7.08   1.63   8.6
2020  78 20 19   413.5   7.12   1.76   8.6
2020  78 20 20   413.5   7.12   1.72   8.5
2020  78 20 21   413.5   7.12   1.81   8.8
2020  78 20 22 99999.9 999.99 999.99 999.9
2020  78 20 23   416.4   6.93   1.57   8.7
2020  78 20 24   416.4   6.93   1.56   8.7
2020  78 20 25   416.4   6.93   1.55   8.7
2020  78 20 26 99999.9 999.99 999.99 999.9
2020  78 20 27 99999.9 999.99 999.99 999.9
2020  78 20 28   428.7   6.87   1.67   9.1
2020  78 20 29   426.9   6.38   1.51   8.5
2020  78 20 30   424.0   6.43   1.79   8.7
2020  78 20 31   423.7   7.18   2.04   9.0
2020  78 20 32 99999.9 999.99 999.99 999.9
2020  78 20 33 99999.9 999.99 999.99 999.9
2020  78 20 34 99999.9 999.99 999.99 999.9
2020  78 20 35 99999.9 999.99 999.99 999.9
2020  78 20 36 99999.9 999.99 999.99 999.9
2020  78 20 37 99999.9 999.99 999.99 999.9
2020  78 20 38   423.0   6.67   2.35   9.2
2020  78 20 39   423.0   6.67   2.34   9.2
2020  78 20 40   428.7   7.06   2.08   9.7
2020  78 20 41   428.4   6.96   2.00   9.4
2020  78 20 42   428.0   6.87   1.87   9.0
2020  78 20 43 99999.9 999.99 999.99 999.9
2020  78 20 44   417.1   7.19   1.66   9.1
2020  78 20 45   418.1   7.27   1.56   8.9
2020  78 20 46   421.1   7.47   1.51   9.0
2020  78 20 47   416.5   7.38   1.56   8.9
2020  78 20 48   416.5   7.38   1.55   8.8
2020  78 20 49   416.5   7.38   1.57   8.9
2020  78 20 50 99999.9 999.99 999.99 999.9
2020  78 20 51 99999.9 999.99 999.99 999.9
2020  78 20 52 99999.9 999.99 999.99 999.9
2020  78 20 53   417.9   6.74   1.49   8.6
2020  78 20 54   417.9   6.74   1.48   8.5
2020  78 20 55   417.9   6.74   1.46   8.5
2020  78 20 56 99999.9 999.99 999.99 999.9
2020  78 20 57 99999.9 999.99 999.99 999.9
2020  78 20 58 99999.9 999.99 999.99 999.9
2020  78 20 59 99999.9 999.99 999.99 999.9
2020  78 21  0   409.4   6.29   1.17   7.9
2020  78 21  1   409.4   6.29   1.16   7.8
2020  78 21  2   409.4   6.29   1.16   7.8
2020  78 21  3 99999.9 999.99 999.99 999.9
2020  78 21  4 99999.9 999.99 999.99 999.9
2020  78 21  5 99999.9 999.99 999.99 999.9
2020  78 21  6 99999.9 999.99 999.99 999.9
2020  78 21  7   408.2   6.27   1.16   7.8
2020  78 21  8   408.2   6.27   1.15   7.7
2020  78 21  9 99999.9 999.99 999.99 999.9
2020  78 21 10 99999.9 999.99 999.99 999.9
2020  78 21 11 99999.9 999.99 999.99 999.9
2020  78 21 12 99999.9 999.99 999.99 999.9
2020  78 21 13   407.6   6.34   1.18   7.8
2020  78 21 14   407.6   6.34   1.16   7.8
2020  78 21 15 99999.9 999.99 999.99 999.9
2020  78 21 16 99999.9 999.99 999.99 999.9
2020  78 21 17   418.5   9.67   2.04   9.3
2020  78 21 18   418.5   9.67   2.08   9.4
2020  78 21 19   421.1   9.48   2.05   9.4
2020  78 21 20   432.6   8.62   1.92   9.4
2020  78 21 21   414.8   7.19   1.35   8.2
2020  78 21 22   406.8   6.54   1.12   7.6
2020  78 21 23   428.7   8.29   1.79   9.1
2020  78 21 24   429.0   8.32   1.79   9.1
2020  78 21 25 99999.9 999.99 999.99 999.9
2020  78 21 26 99999.9 999.99 999.99 999.9
2020  78 21 27   436.6   7.61   1.42   8.6
2020  78 21 28   425.7   7.09   1.30   8.2
2020  78 21 29   402.7   6.00   0.96   7.1
2020  78 21 30   416.2   8.08   1.56   8.5
2020  78 21 31   422.9   8.11   1.55   8.7
2020  78 21 32   436.4   8.16   1.46   8.9
2020  78 21 33 99999.9 999.99 999.99 999.9
2020  78 21 34   429.1   9.53   1.49   9.6
2020  78 21 35   416.6   7.91   1.23   8.5
2020  78 21 36   411.8   7.29   1.12   8.0
2020  78 21 37 99999.9 999.99 999.99 999.9
2020  78 21 38   416.7   9.81   2.24   9.4
2020  78 21 39   419.8   9.19   1.93   9.1
2020  78 21 40   425.7   8.14   1.48   8.8
2020  78 21 41   427.3   7.91   1.38   8.6
2020  78 21 42   426.7   8.88   1.68   9.1
2020  78 21 43   416.7   8.45   1.63   8.8
2020  78 21 44   409.0   7.38   1.27   8.0
2020  78 21 45   420.3   8.93   1.65   9.0
2020  78 21 46   417.0   8.91   1.57   8.9
2020  78 21 47   410.3   7.92   1.48   8.3
2020  78 21 48   406.2   7.36   1.35   8.0
2020  78 21 49 99999.9 999.99 999.99 999.9
2020  78 21 50   428.9   8.83   1.68   9.2
2020  78 21 51   423.2   8.64   1.58   8.9
2020  78 21 52   413.0   7.87   1.38   8.3
2020  78 21 53   405.7   7.07   1.26   7.9
2020  78 21 54 99999.9 999.99 999.99 999.9
2020  78 21 55   412.6   9.15   1.73   9.0
2020  78 21 56   416.4   8.36   1.61   8.8
2020  78 21 57   421.9   7.22   1.36   8.3
2020  78 21 58 99999.9 999.99 999.99 999.9
2020  78 21 59   418.5   8.11   1.52   8.6
2020  78 22  0   427.1   7.79   1.48   8.6
2020  78 22  1   425.2   8.44   1.63   8.9
2020  78 22  2   420.0   7.69   1.36   8.3
2020  78 22  3   415.7   8.54   1.58   8.7
2020  78 22  4   413.1   9.06   1.66   8.8
2020  78 22  5 99999.9 999.99 999.99 999.9
2020  78 22  6   412.9   8.97   1.64   8.8
2020  78 22  7   413.8   8.35   1.48   8.5
2020  78 22  8   416.9   8.15   1.44   8.3
2020  78 22  9   417.6   8.19   1.48   8.4
2020  78 22 10 99999.9 999.99 999.99 999.9
2020  78 22 11   415.5   9.25   1.69   8.9
2020  78 22 12   427.4   8.35   1.66   8.8
2020  78 22 13   427.7   8.25   1.56   8.6
2020  78 22 14   416.4   8.90   1.60   8.8
2020  78 22 15   413.5   8.79   1.58   8.7
2020  78 22 16   413.5   8.79   1.56   8.6
2020  78 22 17 99999.9 999.99 999.99 999.9
2020  78 22 18 99999.9 999.99 999.99 999.9
2020  78 22 19   411.7   9.34   1.75   8.9
2020  78 22 20   411.7   9.34   1.69   8.7
2020  78 22 21 99999.9 999.99 999.99 999.9
2020  78 22 22   416.2   8.95   1.55   8.9
2020  78 22 23   414.5   9.00   1.55   8.7
2020  78 22 24 99999.9 999.99 999.99 999.9
2020  78 22 25 99999.9 999.99 999.99 999.9
2020  78 22 26   413.8   9.43   1.79   9.0
2020  78 22 27   413.8   9.43   1.80   9.0
2020  78 22 28   413.8   9.43   1.76   8.9
2020  78 22 29   416.3   8.31   1.57   8.5
2020  78 22 30   418.9   8.48   1.55   8.7
2020  78 22 31   417.4   8.71   1.55   8.7
2020  78 22 32   420.0   8.63   1.61   8.7
2020  78 22 33   417.6   8.83   1.70   8.8
2020  78 22 34   410.8   9.38   1.86   8.9
2020  78 22 35   416.1   9.03   1.59   8.9
2020  78 22 36   418.2   8.89   1.46   8.8
2020  78 22 37   412.0   9.56   1.62   9.0
2020  78 22 38   412.0   9.56   1.61   9.0
2020  78 22 39   412.0   9.56   1.59   9.0
2020  78 22 40 99999.9 999.99 999.99 999.9
2020  78 22 41   409.5   9.53   1.90   8.9
2020  78 22 42   409.5   9.53   1.92   9.0
2020  78 22 43 99999.9 999.99 999.99 999.9
2020  78 22 44   410.2   9.40   1.84   8.9
2020  78 22 45   410.3   9.39   1.82   8.9
2020  78 22 46   415.8   8.83   1.66   8.8
2020  78 22 47   415.8   8.83   1.66   8.8
2020  78 22 48   409.3   9.54   1.91   8.9
2020  78 22 49   409.3   9.54   1.94   9.0
2020  78 22 50   409.3   9.54   1.92   9.0
2020  78 22 51   408.6   9.13   1.79   8.8
2020  78 22 52   408.6   9.13   1.79   8.8
2020  78 22 53 99999.9 999.99 999.99 999.9
2020  78 22 54   419.5   8.13   1.50   8.5
2020  78 22 55   419.5   8.13   1.49   8.5
2020  78 22 56   419.5   8.13   1.54   8.6
2020  78 22 57 99999.9 999.99 999.99 999.9
2020  78 22 58   415.5   9.65   2.01   9.6
2020  78 22 59   415.5   9.65   2.02   9.6
2020  78 23  0   420.2   8.94   1.94   9.5
2020  78 23  1   420.2   8.94   1.91   9.4
2020  78 23  2   420.2   8.94   1.94   9.5
2020  78 23  3   413.7   9.13   2.13   9.4
2020  78 23  4   413.7   9.13   2.12   9.4
2020  78 23  5   413.1  10.27   2.42  10.0
2020  78 23  6   413.7   9.59   2.19   9.7
2020  78 23  7   414.3   8.86   1.93   9.3
2020  78 23  8   414.3   8.86   1.90   9.2
2020  78 23  9 99999.9 999.99 999.99 999.9
2020  78 23 10   415.2   9.93   2.29   9.8
2020  78 23 11   413.5   9.75   2.45  10.1
2020  78 23 12   406.5   9.03   2.14   9.4
2020  78 23 13   409.0   9.43   2.12   9.5
2020  78 23 14   405.9   9.47   2.11   9.6
2020  78 23 15   408.8   9.73   2.36   9.7
2020  78 23 16   410.9   9.90   2.41   9.8
2020  78 23 17   412.2   9.54   2.15   9.5
2020  78 23 18   420.2  10.14   2.39  10.0
2020  78 23 19   412.0   9.67   2.18   9.6
2020  78 23 20   412.5   8.31   1.80   8.9
2020  78 23 21   416.7   7.99   1.71   8.8
2020  78 23 22   427.1   7.51   1.59   8.8
2020  78 23 23   425.1   8.64   1.85   9.3
2020  78 23 24   425.7   9.02   2.00   9.6
2020  78 23 25   434.6   7.87   1.52   9.1
2020  78 23 26   426.2   7.39   1.45   8.6
2020  78 23 27   427.0   7.57   1.50   8.9
2020  78 23 28   428.2   8.00   1.70   9.2
2020  78 23 29   424.6   7.80   1.67   9.1
2020  78 23 30   416.7   7.44   1.54   8.7
2020  78 23 31   413.8   7.85   1.58   8.8
2020  78 23 32   413.2   7.94 999.99 999.9
2020  78 23 33 99999.9 999.99 999.99 999.9
2020  78 23 34 99999.9 999.99 999.99 999.9
2020  78 23 35   414.8   7.76   1.59   8.8
2020  78 23 36   414.8   7.76   1.59   8.8
2020  78 23 37 99999.9 999.99 999.99 999.9
2020  78 23 38   412.7   7.32   1.33   8.4
2020  78 23 39   412.7   7.32   1.32   8.3
2020  78 23 40   413.7   7.24   1.36   8.4
2020  78 23 41   416.2   7.05   1.34   8.3
2020  78 23 42   416.2   7.05   1.38   8.4
2020  78 23 43   421.8   8.45   1.60   9.3
2020  78 23 44   421.8   8.45 999.99 999.9
2020  78 23 45 99999.9 999.99 999.99 999.9
2020  78 23 46 99999.9 999.99 999.99 999.9
2020  78 23 47 99999.9 999.99 999.99 999.9
2020  78 23 48 99999.9 999.99 999.99 999.9
2020  78 23 49 99999.9 999.99 999.99 999.9
2020  78 23 50 99999.9 999.99 999.99 999.9
2020  78 23 51 99999.9 999.99 999.99 999.9
2020  78 23 52 99999.9 999.99 999.99 999.9
2020  78 23 53   421.2   8.73   1.78   9.8
2020  78 23 54   421.2   8.73   1.78   9.8
2020  78 23 55 99999.9 999.99 999.99 999.9
2020  78 23 56 99999.9 999.99 999.99 999.9
2020  78 23 57 99999.9 999.99 999.99 999.9
2020  78 23 58 99999.9 999.99 999.99 999.9
2020  78 23 59 99999.9 999.99 999.99 999.9