year DOY HR MN      v     d      beta     ma
2020  80  0  0   493.5   2.58   2.38  13.3
2020  80  0  1   491.9   2.55   2.33  13.3
2020  80  0  2   491.9   2.55   2.27  13.1
2020  80  0  3   492.1   2.65   2.34  13.4
2020  80  0  4   492.3   2.67   2.31  13.3
2020  80  0  5   492.1   2.64   2.33  13.2
2020  80  0  6   492.0   2.64   2.52  13.7
2020  80  0  7   490.9   2.67   2.67  13.9
2020  80  0  8   491.2   2.63   2.55  13.6
2020  80  0  9   491.5   2.62   2.49  13.5
2020  80  0 10   492.4   2.60   2.41  13.5
2020  80  0 11   492.4   2.60   2.57  13.9
2020  80  0 12   497.4   2.94   3.27  15.1
2020  80  0 13   497.4   2.94   3.18  14.9
2020  80  0 14   494.0   2.76   2.74  14.2
2020  80  0 15   494.0   2.76   2.73  14.2
2020  80  0 16 99999.9 999.99 999.99 999.9
2020  80  0 17   493.6   2.86   2.98  14.5
2020  80  0 18   493.6   2.86   3.00  14.6
2020  80  0 19   490.7   2.90   3.01  14.7
2020  80  0 20   490.9   2.85   2.76  14.1
2020  80  0 21   491.4   2.70   2.32  13.4
2020  80  0 22   491.6   2.58   2.07  13.1
2020  80  0 23 99999.9 999.99 999.99 999.9
2020  80  0 24 99999.9 999.99 999.99 999.9
2020  80  0 25 99999.9 999.99 999.99 999.9
2020  80  0 26 99999.9 999.99 999.99 999.9
2020  80  0 27   493.1   2.66   2.25  13.6
2020  80  0 28   493.1   2.66   2.30  13.7
2020  80  0 29   493.1   2.66   2.28  13.7
2020  80  0 30 99999.9 999.99 999.99 999.9
2020  80  0 31 99999.9 999.99 999.99 999.9
2020  80  0 32   494.0   2.61   2.22  13.6
2020  80  0 33   493.9   2.60   2.12  13.2
2020  80  0 34   493.9   2.59   1.99  12.8
2020  80  0 35   492.2   2.47   1.89  12.4
2020  80  0 36   491.6   2.52   2.03  12.8
2020  80  0 37   491.3   2.57   2.08  12.7
2020  80  0 38 99999.9 999.99 999.99 999.9
2020  80  0 39 99999.9 999.99 999.99 999.9
2020  80  0 40   491.7   2.46   1.88  12.6
2020  80  0 41   491.7   2.46   1.88  12.6
2020  80  0 42 99999.9 999.99 999.99 999.9
2020  80  0 43   492.0   2.40   1.77  12.3
2020  80  0 44   492.0   2.40   1.86  12.6
2020  80  0 45   492.0   2.40   1.88  12.7
2020  80  0 46 99999.9 999.99 999.99 999.9
2020  80  0 47   489.2   2.59   2.17  13.3
2020  80  0 48   489.2   2.59   2.13  13.2
2020  80  0 49   489.2   2.59   2.12  13.2
2020  80  0 50 99999.9 999.99 999.99 999.9
2020  80  0 51   487.7   2.51   2.20  13.3
2020  80  0 52   487.7   2.51   2.39  13.9
2020  80  0 53   488.2   2.88   2.90  15.0
2020  80  0 54   488.2   2.90   2.95  15.1
2020  80  0 55   490.6   2.81   2.89  15.0
2020  80  0 56   489.1   2.78   2.75  14.6
2020  80  0 57   488.3   2.77   2.81  14.8
2020  80  0 58 99999.9 999.99 999.99 999.9
2020  80  0 59 99999.9 999.99 999.99 999.9
2020  80  1  0   488.9   2.81   2.94  14.6
2020  80  1  1   489.2   2.79   2.85  14.6
2020  80  1  2   489.9   2.81   2.86  14.6
2020  80  1  3   491.1   2.79   2.79  14.3
2020  80  1  4   489.5   2.64   2.54  14.0
2020  80  1  5   489.4   2.63   2.37  13.5
2020  80  1  6   489.4   2.63   2.38  13.5
2020  80  1  7   488.2   2.54   2.20  13.1
2020  80  1  8   488.2   2.54   2.14  12.9
2020  80  1  9   488.8   2.64   2.24  13.2
2020  80  1 10   488.8   2.64   2.26  13.3
2020  80  1 11   488.8   2.64 999.99 999.9
2020  80  1 12 99999.9 999.99 999.99 999.9
2020  80  1 13 99999.9 999.99 999.99 999.9
2020  80  1 14 99999.9 999.99 999.99 999.9
2020  80  1 15   489.3   2.76   2.31  13.5
2020  80  1 16   489.3   2.76   2.34  13.6
2020  80  1 17   489.4   2.75   2.28  13.5
2020  80  1 18   489.4   2.75   2.30  13.5
2020  80  1 19 99999.9 999.99 999.99 999.9
2020  80  1 20 99999.9 999.99 999.99 999.9
2020  80  1 21 99999.9 999.99 999.99 999.9
2020  80  1 22   489.1   2.72   2.40  13.5
2020  80  1 23   489.1   2.72   2.37  13.4
2020  80  1 24   490.6   2.94   2.80  14.4
2020  80  1 25   490.6   2.94   2.80  14.4
2020  80  1 26   489.8   2.66   2.28  13.5
2020  80  1 27   489.6   2.65   2.28  13.5
2020  80  1 28   489.4   2.64   2.30  13.6
2020  80  1 29   489.4   2.64   2.26  13.4
2020  80  1 30 99999.9 999.99 999.99 999.9
2020  80  1 31 99999.9 999.99 999.99 999.9
2020  80  1 32   491.1   2.65   2.59  14.3
2020  80  1 33   489.5   2.59   2.17  13.1
2020  80  1 34   487.6   2.63   2.26  13.1
2020  80  1 35   485.9   2.64   2.30  13.2
2020  80  1 36   485.5   2.63   2.35  13.3
2020  80  1 37   485.5   2.63   2.33  13.3
2020  80  1 38   485.4   2.58   2.42  13.3
2020  80  1 39   485.4   2.58   2.37  13.2
2020  80  1 40   485.4   2.58   2.37  13.2
2020  80  1 41 99999.9 999.99 999.99 999.9
2020  80  1 42   482.4   2.62   2.45  13.4
2020  80  1 43   482.4   2.62   2.50  13.6
2020  80  1 44   482.4   2.62   2.48  13.5
2020  80  1 45 99999.9 999.99 999.99 999.9
2020  80  1 46   482.4   2.55   2.41  13.3
2020  80  1 47   482.4   2.55   2.44  13.4
2020  80  1 48   482.8   2.68   2.39  13.3
2020  80  1 49   482.7   2.75   2.51  13.7
2020  80  1 50   480.6   2.67   2.42  13.6
2020  80  1 51   480.6   2.67   2.42  13.6
2020  80  1 52 99999.9 999.99 999.99 999.9
2020  80  1 53   479.8   2.55   2.47  13.6
2020  80  1 54   479.9   2.57   2.54  13.8
2020  80  1 55   479.6   2.62   2.37  13.6
2020  80  1 56   476.0   2.58   2.81  14.2
2020  80  1 57   475.2   2.56   2.93  14.4
2020  80  1 58   476.3   2.64   2.95  14.4
2020  80  1 59   474.8   2.66   3.37  15.0
2020  80  2  0   475.2   2.71   3.34  14.8
2020  80  2  1   474.8   2.69   3.90  15.8
2020  80  2  2   476.9   2.67   4.32  16.8
2020  80  2  3   476.3   2.55   3.16  14.9
2020  80  2  4   476.9   2.50   2.90  14.5
2020  80  2  5   475.5   2.48   3.11  14.6
2020  80  2  6   474.8   2.48   3.49  15.4
2020  80  2  7   473.2   2.67   5.15  18.2
2020  80  2  8   474.2   2.66   4.76  17.6
2020  80  2  9   474.6   2.64   3.98  16.1
2020  80  2 10   471.9   2.58   3.78  15.6
2020  80  2 11   471.7   2.41   3.22  14.6
2020  80  2 12   471.7   2.41   2.95  14.0
2020  80  2 13   472.1   2.21   2.34  12.8
2020  80  2 14   472.1   2.21   2.34  12.8
2020  80  2 15 99999.9 999.99 999.99 999.9
2020  80  2 16   470.6   2.29   1.98  11.3
2020  80  2 17   471.2   2.38   1.49  10.0
2020  80  2 18   472.1   2.59   1.53  10.7
2020  80  2 19   471.6   2.52   1.49  10.6
2020  80  2 20   473.4   2.53   1.46  10.5
2020  80  2 21   468.2   2.29   1.83  11.5
2020  80  2 22   473.1   2.60   1.86  11.3
2020  80  2 23   473.5   2.63   1.80  11.2
2020  80  2 24   472.1   2.66   1.72  11.4
2020  80  2 25   473.6   2.70   1.95  11.8
2020  80  2 26   472.9   2.78   1.90  11.8
2020  80  2 27   472.0   2.80   1.93  12.0
2020  80  2 28   472.0   2.71   1.87  11.5
2020  80  2 29   471.1   2.82   2.06  11.9
2020  80  2 30   470.4   2.86   2.21  12.4
2020  80  2 31   472.1   2.74   2.13  12.0
2020  80  2 32   471.4   2.89   2.72  13.4
2020  80  2 33   473.8   2.80   3.01  14.0
2020  80  2 34   473.3   2.88   2.30  12.6
2020  80  2 35   470.6   2.89   2.40  12.6
2020  80  2 36   469.2   2.86   2.54  12.8
2020  80  2 37   470.6   2.72   2.44  12.6
2020  80  2 38   470.7   2.68   2.57  13.1
2020  80  2 39   471.1   2.74   2.22  12.2
2020  80  2 40   468.8   3.07   2.41  12.8
2020  80  2 41   473.1   2.59   2.39  12.7
2020  80  2 42   473.1   2.61   2.10  12.0
2020  80  2 43   467.7   3.03   2.38  12.7
2020  80  2 44   467.4   2.91   2.12  12.0
2020  80  2 45   468.5   2.88   2.12  12.1
2020  80  2 46   473.0   2.63   1.88  11.5
2020  80  2 47   468.6   2.88   2.04  11.8
2020  80  2 48   472.8   2.62   2.00  11.4
2020  80  2 49   470.5   2.66   2.02  11.5
2020  80  2 50   468.5   2.74   1.96  11.5
2020  80  2 51   466.4   2.68   1.85  11.3
2020  80  2 52   463.3   2.60   1.91  11.4
2020  80  2 53   466.0   3.13   2.68  13.0
2020  80  2 54   467.4   2.71   2.36  12.3
2020  80  2 55   467.7   2.94   2.62  13.1
2020  80  2 56   470.8   3.20   2.65  13.0
2020  80  2 57   471.2   2.94   2.30  12.4
2020  80  2 58   469.4   2.57   2.10  11.9
2020  80  2 59   469.1   2.68   2.19  12.0
2020  80  3  0   470.2   2.86   2.50  12.8
2020  80  3  1   467.5   3.44   2.81  13.6
2020  80  3  2   472.3   2.90   2.65  13.1
2020  80  3  3   467.8   2.43   1.90  11.6
2020  80  3  4   469.6   3.12   2.94  13.6
2020  80  3  5   469.6   3.20   3.08  13.4
2020  80  3  6   464.8   2.52   2.41  12.2
2020  80  3  7   468.7   2.81   2.83  13.1
2020  80  3  8   472.0   3.28   3.05  13.7
2020  80  3  9   469.9   3.45   3.11  14.4
2020  80  3 10   468.8   3.01   2.56  12.4
2020  80  3 11   469.4   2.67   2.32  12.3
2020  80  3 12   472.0   3.05   2.59  13.2
2020  80  3 13   472.2   3.11   2.63  13.1
2020  80  3 14   475.2   2.96   2.33  12.1
2020  80  3 15   475.1   2.49   2.39  11.7
2020  80  3 16   472.0   2.90   2.30  12.3
2020  80  3 17   472.2   3.03   2.62  12.9
2020  80  3 18   470.8   3.09   2.98  13.3
2020  80  3 19   470.8   3.09   3.11  13.6
2020  80  3 20   471.3   3.14   2.84  13.0
2020  80  3 21   471.4   3.15   3.54  14.5
2020  80  3 22   477.0   3.64   4.23  16.2
2020  80  3 23   477.0   3.64   3.67  15.1
2020  80  3 24   473.0   3.17   2.98  13.0
2020  80  3 25   473.0   3.17   3.14  13.4
2020  80  3 26 99999.9 999.99 999.99 999.9
2020  80  3 27   469.1   3.66   5.32  15.9
2020  80  3 28   469.6   3.41   3.78  13.9
2020  80  3 29   470.6   3.15   2.82  12.6
2020  80  3 30   472.0   3.28   3.73  14.3
2020  80  3 31 99999.9 999.99 999.99 999.9
2020  80  3 32   467.1   2.84   2.96  13.3
2020  80  3 33   467.1   2.84 999.99 999.9
2020  80  3 34   467.1   2.84 999.99 999.9
2020  80  3 35 99999.9 999.99 999.99 999.9
2020  80  3 36 99999.9 999.99 999.99 999.9
2020  80  3 37 99999.9 999.99 999.99 999.9
2020  80  3 38 99999.9 999.99 999.99 999.9
2020  80  3 39 99999.9 999.99 999.99 999.9
2020  80  3 40 99999.9 999.99 999.99 999.9
2020  80  3 41 99999.9 999.99 999.99 999.9
2020  80  3 42 99999.9 999.99 999.99 999.9
2020  80  3 43 99999.9 999.99 999.99 999.9
2020  80  3 44 99999.9 999.99 999.99 999.9
2020  80  3 45 99999.9 999.99 999.99 999.9
2020  80  3 46 99999.9 999.99 999.99 999.9
2020  80  3 47 99999.9 999.99 999.99 999.9
2020  80  3 48 99999.9 999.99 999.99 999.9
2020  80  3 49 99999.9 999.99 999.99 999.9
2020  80  3 50   470.6   3.56   5.69  16.6
2020  80  3 51   470.6   3.56   5.69  16.6
2020  80  3 52   470.6   3.56 999.99 999.9
2020  80  3 53 99999.9 999.99 999.99 999.9
2020  80  3 54 99999.9 999.99 999.99 999.9
2020  80  3 55 99999.9 999.99 999.99 999.9
2020  80  3 56 99999.9 999.99 999.99 999.9
2020  80  3 57 99999.9 999.99 999.99 999.9
2020  80  3 58 99999.9 999.99 999.99 999.9
2020  80  3 59 99999.9 999.99 999.99 999.9
2020  80  4  0 99999.9 999.99 999.99 999.9
2020  80  4  1 99999.9 999.99 999.99 999.9
2020  80  4  2 99999.9 999.99 999.99 999.9
2020  80  4  3 99999.9 999.99 999.99 999.9
2020  80  4  4 99999.9 999.99 999.99 999.9
2020  80  4  5 99999.9 999.99 999.99 999.9
2020  80  4  6   472.7   3.32 999.99 999.9
2020  80  4  7   472.7   3.32   6.26  18.3
2020  80  4  8   472.7   3.32 999.99 999.9
2020  80  4  9 99999.9 999.99 999.99 999.9
2020  80  4 10 99999.9 999.99 999.99 999.9
2020  80  4 11 99999.9 999.99 999.99 999.9
2020  80  4 12 99999.9 999.99 999.99 999.9
2020  80  4 13 99999.9 999.99 999.99 999.9
2020  80  4 14 99999.9 999.99 999.99 999.9
2020  80  4 15 99999.9 999.99 999.99 999.9
2020  80  4 16 99999.9 999.99 999.99 999.9
2020  80  4 17 99999.9 999.99 999.99 999.9
2020  80  4 18 99999.9 999.99 999.99 999.9
2020  80  4 19 99999.9 999.99 999.99 999.9
2020  80  4 20 99999.9 999.99 999.99 999.9
2020  80  4 21   463.0   3.40   4.58  16.4
2020  80  4 22   463.0   3.40 999.99 999.9
2020  80  4 23 99999.9 999.99 999.99 999.9
2020  80  4 24 99999.9 999.99 999.99 999.9
2020  80  4 25 99999.9 999.99 999.99 999.9
2020  80  4 26 99999.9 999.99 999.99 999.9
2020  80  4 27 99999.9 999.99 999.99 999.9
2020  80  4 28 99999.9 999.99 999.99 999.9
2020  80  4 29 99999.9 999.99 999.99 999.9
2020  80  4 30 99999.9 999.99 999.99 999.9
2020  80  4 31 99999.9 999.99 999.99 999.9
2020  80  4 32 99999.9 999.99 999.99 999.9
2020  80  4 33 99999.9 999.99 999.99 999.9
2020  80  4 34   463.4   3.17   2.11  12.2
2020  80  4 35   463.4   3.17 999.99 999.9
2020  80  4 36 99999.9 999.99 999.99 999.9
2020  80  4 37 99999.9 999.99 999.99 999.9
2020  80  4 38 99999.9 999.99 999.99 999.9
2020  80  4 39 99999.9 999.99 999.99 999.9
2020  80  4 40 99999.9 999.99 999.99 999.9
2020  80  4 41 99999.9 999.99 999.99 999.9
2020  80  4 42 99999.9 999.99 999.99 999.9
2020  80  4 43 99999.9 999.99 999.99 999.9
2020  80  4 44 99999.9 999.99 999.99 999.9
2020  80  4 45 99999.9 999.99 999.99 999.9
2020  80  4 46 99999.9 999.99 999.99 999.9
2020  80  4 47 99999.9 999.99 999.99 999.9
2020  80  4 48 99999.9 999.99 999.99 999.9
2020  80  4 49 99999.9 999.99 999.99 999.9
2020  80  4 50 99999.9 999.99 999.99 999.9
2020  80  4 51 99999.9 999.99 999.99 999.9
2020  80  4 52 99999.9 999.99 999.99 999.9
2020  80  4 53 99999.9 999.99 999.99 999.9
2020  80  4 54 99999.9 999.99 999.99 999.9
2020  80  4 55 99999.9 999.99 999.99 999.9
2020  80  4 56 99999.9 999.99 999.99 999.9
2020  80  4 57 99999.9 999.99 999.99 999.9
2020  80  4 58   448.7   3.00   2.53  12.7
2020  80  4 59   455.1   2.91   2.34  12.6
2020  80  5  0   441.2   3.37   3.34  13.2
2020  80  5  1   444.6   3.21   3.32  13.4
2020  80  5  2   439.0   2.96   2.79  12.0
2020  80  5  3   437.4   3.00   2.76  11.9
2020  80  5  4   444.6   2.90   2.78  12.5
2020  80  5  5   443.0   3.08   3.36  13.9
2020  80  5  6   428.0   3.39   4.04  14.5
2020  80  5  7   463.3   3.06   3.39  15.0
2020  80  5  8   461.9   3.02 999.99 999.9
2020  80  5  9 99999.9 999.99 999.99 999.9
2020  80  5 10 99999.9 999.99 999.99 999.9
2020  80  5 11 99999.9 999.99 999.99 999.9
2020  80  5 12 99999.9 999.99 999.99 999.9
2020  80  5 13 99999.9 999.99 999.99 999.9
2020  80  5 14 99999.9 999.99 999.99 999.9
2020  80  5 15 99999.9 999.99 999.99 999.9
2020  80  5 16 99999.9 999.99 999.99 999.9
2020  80  5 17 99999.9 999.99 999.99 999.9
2020  80  5 18 99999.9 999.99 999.99 999.9
2020  80  5 19 99999.9 999.99 999.99 999.9
2020  80  5 20 99999.9 999.99 999.99 999.9
2020  80  5 21 99999.9 999.99 999.99 999.9
2020  80  5 22 99999.9 999.99 999.99 999.9
2020  80  5 23 99999.9 999.99 999.99 999.9
2020  80  5 24 99999.9 999.99 999.99 999.9
2020  80  5 25 99999.9 999.99 999.99 999.9
2020  80  5 26 99999.9 999.99 999.99 999.9
2020  80  5 27 99999.9 999.99 999.99 999.9
2020  80  5 28 99999.9 999.99 999.99 999.9
2020  80  5 29 99999.9 999.99 999.99 999.9
2020  80  5 30 99999.9 999.99 999.99 999.9
2020  80  5 31 99999.9 999.99 999.99 999.9
2020  80  5 32 99999.9 999.99 999.99 999.9
2020  80  5 33 99999.9 999.99 999.99 999.9
2020  80  5 34 99999.9 999.99 999.99 999.9
2020  80  5 35 99999.9 999.99 999.99 999.9
2020  80  5 36 99999.9 999.99 999.99 999.9
2020  80  5 37 99999.9 999.99 999.99 999.9
2020  80  5 38 99999.9 999.99 999.99 999.9
2020  80  5 39 99999.9 999.99 999.99 999.9
2020  80  5 40 99999.9 999.99 999.99 999.9
2020  80  5 41 99999.9 999.99 999.99 999.9
2020  80  5 42 99999.9 999.99 999.99 999.9
2020  80  5 43 99999.9 999.99 999.99 999.9
2020  80  5 44 99999.9 999.99 999.99 999.9
2020  80  5 45 99999.9 999.99 999.99 999.9
2020  80  5 46 99999.9 999.99 999.99 999.9
2020  80  5 47 99999.9 999.99 999.99 999.9
2020  80  5 48 99999.9 999.99 999.99 999.9
2020  80  5 49 99999.9 999.99 999.99 999.9
2020  80  5 50 99999.9 999.99 999.99 999.9
2020  80  5 51 99999.9 999.99 999.99 999.9
2020  80  5 52 99999.9 999.99 999.99 999.9
2020  80  5 53 99999.9 999.99 999.99 999.9
2020  80  5 54 99999.9 999.99 999.99 999.9
2020  80  5 55 99999.9 999.99 999.99 999.9
2020  80  5 56 99999.9 999.99 999.99 999.9
2020  80  5 57 99999.9 999.99 999.99 999.9
2020  80  5 58 99999.9 999.99 999.99 999.9
2020  80  5 59 99999.9 999.99 999.99 999.9
2020  80  6  0 99999.9 999.99 999.99 999.9
2020  80  6  1 99999.9 999.99 999.99 999.9
2020  80  6  2 99999.9 999.99 999.99 999.9
2020  80  6  3 99999.9 999.99 999.99 999.9
2020  80  6  4 99999.9 999.99 999.99 999.9
2020  80  6  5 99999.9 999.99 999.99 999.9
2020  80  6  6 99999.9 999.99 999.99 999.9
2020  80  6  7 99999.9 999.99 999.99 999.9
2020  80  6  8 99999.9 999.99 999.99 999.9
2020  80  6  9 99999.9 999.99 999.99 999.9
2020  80  6 10 99999.9 999.99 999.99 999.9
2020  80  6 11 99999.9 999.99 999.99 999.9
2020  80  6 12 99999.9 999.99 999.99 999.9
2020  80  6 13 99999.9 999.99 999.99 999.9
2020  80  6 14 99999.9 999.99 999.99 999.9
2020  80  6 15 99999.9 999.99 999.99 999.9
2020  80  6 16 99999.9 999.99 999.99 999.9
2020  80  6 17 99999.9 999.99 999.99 999.9
2020  80  6 18 99999.9 999.99 999.99 999.9
2020  80  6 19 99999.9 999.99 999.99 999.9
2020  80  6 20 99999.9 999.99 999.99 999.9
2020  80  6 21 99999.9 999.99 999.99 999.9
2020  80  6 22 99999.9 999.99 999.99 999.9
2020  80  6 23 99999.9 999.99 999.99 999.9
2020  80  6 24 99999.9 999.99 999.99 999.9
2020  80  6 25 99999.9 999.99 999.99 999.9
2020  80  6 26 99999.9 999.99 999.99 999.9
2020  80  6 27 99999.9 999.99 999.99 999.9
2020  80  6 28 99999.9 999.99 999.99 999.9
2020  80  6 29 99999.9 999.99 999.99 999.9
2020  80  6 30 99999.9 999.99 999.99 999.9
2020  80  6 31 99999.9 999.99 999.99 999.9
2020  80  6 32 99999.9 999.99 999.99 999.9
2020  80  6 33 99999.9 999.99 999.99 999.9
2020  80  6 34 99999.9 999.99 999.99 999.9
2020  80  6 35 99999.9 999.99 999.99 999.9
2020  80  6 36 99999.9 999.99 999.99 999.9
2020  80  6 37 99999.9 999.99 999.99 999.9
2020  80  6 38 99999.9 999.99 999.99 999.9
2020  80  6 39 99999.9 999.99 999.99 999.9
2020  80  6 40 99999.9 999.99 999.99 999.9
2020  80  6 41 99999.9 999.99 999.99 999.9
2020  80  6 42 99999.9 999.99 999.99 999.9
2020  80  6 43 99999.9 999.99 999.99 999.9
2020  80  6 44 99999.9 999.99 999.99 999.9
2020  80  6 45 99999.9 999.99 999.99 999.9
2020  80  6 46 99999.9 999.99 999.99 999.9
2020  80  6 47 99999.9 999.99 999.99 999.9
2020  80  6 48 99999.9 999.99 999.99 999.9
2020  80  6 49 99999.9 999.99 999.99 999.9
2020  80  6 50 99999.9 999.99 999.99 999.9
2020  80  6 51 99999.9 999.99 999.99 999.9
2020  80  6 52 99999.9 999.99 999.99 999.9
2020  80  6 53 99999.9 999.99 999.99 999.9
2020  80  6 54 99999.9 999.99 999.99 999.9
2020  80  6 55 99999.9 999.99 999.99 999.9
2020  80  6 56 99999.9 999.99 999.99 999.9
2020  80  6 57 99999.9 999.99 999.99 999.9
2020  80  6 58 99999.9 999.99 999.99 999.9
2020  80  6 59 99999.9 999.99 999.99 999.9
2020  80  7  0 99999.9 999.99 999.99 999.9
2020  80  7  1 99999.9 999.99 999.99 999.9
2020  80  7  2 99999.9 999.99 999.99 999.9
2020  80  7  3 99999.9 999.99 999.99 999.9
2020  80  7  4 99999.9 999.99 999.99 999.9
2020  80  7  5 99999.9 999.99 999.99 999.9
2020  80  7  6 99999.9 999.99 999.99 999.9
2020  80  7  7 99999.9 999.99 999.99 999.9
2020  80  7  8 99999.9 999.99 999.99 999.9
2020  80  7  9 99999.9 999.99 999.99 999.9
2020  80  7 10 99999.9 999.99 999.99 999.9
2020  80  7 11 99999.9 999.99 999.99 999.9
2020  80  7 12 99999.9 999.99 999.99 999.9
2020  80  7 13 99999.9 999.99 999.99 999.9
2020  80  7 14 99999.9 999.99 999.99 999.9
2020  80  7 15 99999.9 999.99 999.99 999.9
2020  80  7 16 99999.9 999.99 999.99 999.9
2020  80  7 17 99999.9 999.99 999.99 999.9
2020  80  7 18 99999.9 999.99 999.99 999.9
2020  80  7 19 99999.9 999.99 999.99 999.9
2020  80  7 20 99999.9 999.99 999.99 999.9
2020  80  7 21 99999.9 999.99 999.99 999.9
2020  80  7 22 99999.9 999.99 999.99 999.9
2020  80  7 23 99999.9 999.99 999.99 999.9
2020  80  7 24 99999.9 999.99 999.99 999.9
2020  80  7 25 99999.9 999.99 999.99 999.9
2020  80  7 26 99999.9 999.99 999.99 999.9
2020  80  7 27 99999.9 999.99 999.99 999.9
2020  80  7 28 99999.9 999.99 999.99 999.9
2020  80  7 29 99999.9 999.99 999.99 999.9
2020  80  7 30 99999.9 999.99 999.99 999.9
2020  80  7 31 99999.9 999.99 999.99 999.9
2020  80  7 32 99999.9 999.99 999.99 999.9
2020  80  7 33 99999.9 999.99 999.99 999.9
2020  80  7 34 99999.9 999.99 999.99 999.9
2020  80  7 35 99999.9 999.99 999.99 999.9
2020  80  7 36 99999.9 999.99 999.99 999.9
2020  80  7 37 99999.9 999.99 999.99 999.9
2020  80  7 38 99999.9 999.99 999.99 999.9
2020  80  7 39 99999.9 999.99 999.99 999.9
2020  80  7 40 99999.9 999.99 999.99 999.9
2020  80  7 41 99999.9 999.99 999.99 999.9
2020  80  7 42 99999.9 999.99 999.99 999.9
2020  80  7 43 99999.9 999.99 999.99 999.9
2020  80  7 44 99999.9 999.99 999.99 999.9
2020  80  7 45 99999.9 999.99 999.99 999.9
2020  80  7 46 99999.9 999.99 999.99 999.9
2020  80  7 47 99999.9 999.99 999.99 999.9
2020  80  7 48 99999.9 999.99 999.99 999.9
2020  80  7 49 99999.9 999.99 999.99 999.9
2020  80  7 50 99999.9 999.99 999.99 999.9
2020  80  7 51 99999.9 999.99 999.99 999.9
2020  80  7 52 99999.9 999.99 999.99 999.9
2020  80  7 53 99999.9 999.99 999.99 999.9
2020  80  7 54 99999.9 999.99 999.99 999.9
2020  80  7 55 99999.9 999.99 999.99 999.9
2020  80  7 56 99999.9 999.99 999.99 999.9
2020  80  7 57 99999.9 999.99 999.99 999.9
2020  80  7 58 99999.9 999.99 999.99 999.9
2020  80  7 59 99999.9 999.99 999.99 999.9
2020  80  8  0 99999.9 999.99 999.99 999.9
2020  80  8  1 99999.9 999.99 999.99 999.9
2020  80  8  2 99999.9 999.99 999.99 999.9
2020  80  8  3 99999.9 999.99 999.99 999.9
2020  80  8  4 99999.9 999.99 999.99 999.9
2020  80  8  5 99999.9 999.99 999.99 999.9
2020  80  8  6 99999.9 999.99 999.99 999.9
2020  80  8  7 99999.9 999.99 999.99 999.9
2020  80  8  8 99999.9 999.99 999.99 999.9
2020  80  8  9 99999.9 999.99 999.99 999.9
2020  80  8 10 99999.9 999.99 999.99 999.9
2020  80  8 11 99999.9 999.99 999.99 999.9
2020  80  8 12 99999.9 999.99 999.99 999.9
2020  80  8 13 99999.9 999.99 999.99 999.9
2020  80  8 14 99999.9 999.99 999.99 999.9
2020  80  8 15 99999.9 999.99 999.99 999.9
2020  80  8 16 99999.9 999.99 999.99 999.9
2020  80  8 17 99999.9 999.99 999.99 999.9
2020  80  8 18 99999.9 999.99 999.99 999.9
2020  80  8 19 99999.9 999.99 999.99 999.9
2020  80  8 20 99999.9 999.99 999.99 999.9
2020  80  8 21 99999.9 999.99 999.99 999.9
2020  80  8 22 99999.9 999.99 999.99 999.9
2020  80  8 23 99999.9 999.99 999.99 999.9
2020  80  8 24 99999.9 999.99 999.99 999.9
2020  80  8 25 99999.9 999.99 999.99 999.9
2020  80  8 26 99999.9 999.99 999.99 999.9
2020  80  8 27 99999.9 999.99 999.99 999.9
2020  80  8 28 99999.9 999.99 999.99 999.9
2020  80  8 29 99999.9 999.99 999.99 999.9
2020  80  8 30 99999.9 999.99 999.99 999.9
2020  80  8 31 99999.9 999.99 999.99 999.9
2020  80  8 32 99999.9 999.99 999.99 999.9
2020  80  8 33 99999.9 999.99 999.99 999.9
2020  80  8 34 99999.9 999.99 999.99 999.9
2020  80  8 35 99999.9 999.99 999.99 999.9
2020  80  8 36 99999.9 999.99 999.99 999.9
2020  80  8 37 99999.9 999.99 999.99 999.9
2020  80  8 38 99999.9 999.99 999.99 999.9
2020  80  8 39 99999.9 999.99 999.99 999.9
2020  80  8 40 99999.9 999.99 999.99 999.9
2020  80  8 41 99999.9 999.99 999.99 999.9
2020  80  8 42 99999.9 999.99 999.99 999.9
2020  80  8 43 99999.9 999.99 999.99 999.9
2020  80  8 44 99999.9 999.99 999.99 999.9
2020  80  8 45 99999.9 999.99 999.99 999.9
2020  80  8 46 99999.9 999.99 999.99 999.9
2020  80  8 47 99999.9 999.99 999.99 999.9
2020  80  8 48 99999.9 999.99 999.99 999.9
2020  80  8 49 99999.9 999.99 999.99 999.9
2020  80  8 50 99999.9 999.99 999.99 999.9
2020  80  8 51 99999.9 999.99 999.99 999.9
2020  80  8 52 99999.9 999.99 999.99 999.9
2020  80  8 53 99999.9 999.99 999.99 999.9
2020  80  8 54 99999.9 999.99 999.99 999.9
2020  80  8 55 99999.9 999.99 999.99 999.9
2020  80  8 56 99999.9 999.99 999.99 999.9
2020  80  8 57 99999.9 999.99 999.99 999.9
2020  80  8 58 99999.9 999.99 999.99 999.9
2020  80  8 59 99999.9 999.99 999.99 999.9
2020  80  9  0 99999.9 999.99 999.99 999.9
2020  80  9  1 99999.9 999.99 999.99 999.9
2020  80  9  2 99999.9 999.99 999.99 999.9
2020  80  9  3 99999.9 999.99 999.99 999.9
2020  80  9  4 99999.9 999.99 999.99 999.9
2020  80  9  5 99999.9 999.99 999.99 999.9
2020  80  9  6 99999.9 999.99 999.99 999.9
2020  80  9  7 99999.9 999.99 999.99 999.9
2020  80  9  8 99999.9 999.99 999.99 999.9
2020  80  9  9 99999.9 999.99 999.99 999.9
2020  80  9 10 99999.9 999.99 999.99 999.9
2020  80  9 11 99999.9 999.99 999.99 999.9
2020  80  9 12 99999.9 999.99 999.99 999.9
2020  80  9 13 99999.9 999.99 999.99 999.9
2020  80  9 14 99999.9 999.99 999.99 999.9
2020  80  9 15 99999.9 999.99 999.99 999.9
2020  80  9 16 99999.9 999.99 999.99 999.9
2020  80  9 17 99999.9 999.99 999.99 999.9
2020  80  9 18 99999.9 999.99 999.99 999.9
2020  80  9 19 99999.9 999.99 999.99 999.9
2020  80  9 20 99999.9 999.99 999.99 999.9
2020  80  9 21 99999.9 999.99 999.99 999.9
2020  80  9 22 99999.9 999.99 999.99 999.9
2020  80  9 23 99999.9 999.99 999.99 999.9
2020  80  9 24 99999.9 999.99 999.99 999.9
2020  80  9 25 99999.9 999.99 999.99 999.9
2020  80  9 26 99999.9 999.99 999.99 999.9
2020  80  9 27 99999.9 999.99 999.99 999.9
2020  80  9 28 99999.9 999.99 999.99 999.9
2020  80  9 29 99999.9 999.99 999.99 999.9
2020  80  9 30 99999.9 999.99 999.99 999.9
2020  80  9 31 99999.9 999.99 999.99 999.9
2020  80  9 32 99999.9 999.99 999.99 999.9
2020  80  9 33 99999.9 999.99 999.99 999.9
2020  80  9 34 99999.9 999.99 999.99 999.9
2020  80  9 35 99999.9 999.99 999.99 999.9
2020  80  9 36 99999.9 999.99 999.99 999.9
2020  80  9 37 99999.9 999.99 999.99 999.9
2020  80  9 38 99999.9 999.99 999.99 999.9
2020  80  9 39 99999.9 999.99 999.99 999.9
2020  80  9 40 99999.9 999.99 999.99 999.9
2020  80  9 41 99999.9 999.99 999.99 999.9
2020  80  9 42 99999.9 999.99 999.99 999.9
2020  80  9 43 99999.9 999.99 999.99 999.9
2020  80  9 44 99999.9 999.99 999.99 999.9
2020  80  9 45 99999.9 999.99 999.99 999.9
2020  80  9 46 99999.9 999.99 999.99 999.9
2020  80  9 47 99999.9 999.99 999.99 999.9
2020  80  9 48 99999.9 999.99 999.99 999.9
2020  80  9 49 99999.9 999.99 999.99 999.9
2020  80  9 50 99999.9 999.99 999.99 999.9
2020  80  9 51 99999.9 999.99 999.99 999.9
2020  80  9 52 99999.9 999.99 999.99 999.9
2020  80  9 53 99999.9 999.99 999.99 999.9
2020  80  9 54 99999.9 999.99 999.99 999.9
2020  80  9 55 99999.9 999.99 999.99 999.9
2020  80  9 56 99999.9 999.99 999.99 999.9
2020  80  9 57 99999.9 999.99 999.99 999.9
2020  80  9 58 99999.9 999.99 999.99 999.9
2020  80  9 59 99999.9 999.99 999.99 999.9
2020  80 10  0 99999.9 999.99 999.99 999.9
2020  80 10  1 99999.9 999.99 999.99 999.9
2020  80 10  2 99999.9 999.99 999.99 999.9
2020  80 10  3 99999.9 999.99 999.99 999.9
2020  80 10  4 99999.9 999.99 999.99 999.9
2020  80 10  5 99999.9 999.99 999.99 999.9
2020  80 10  6 99999.9 999.99 999.99 999.9
2020  80 10  7 99999.9 999.99 999.99 999.9
2020  80 10  8 99999.9 999.99 999.99 999.9
2020  80 10  9 99999.9 999.99 999.99 999.9
2020  80 10 10 99999.9 999.99 999.99 999.9
2020  80 10 11 99999.9 999.99 999.99 999.9
2020  80 10 12 99999.9 999.99 999.99 999.9
2020  80 10 13 99999.9 999.99 999.99 999.9
2020  80 10 14 99999.9 999.99 999.99 999.9
2020  80 10 15 99999.9 999.99 999.99 999.9
2020  80 10 16 99999.9 999.99 999.99 999.9
2020  80 10 17 99999.9 999.99 999.99 999.9
2020  80 10 18 99999.9 999.99 999.99 999.9
2020  80 10 19 99999.9 999.99 999.99 999.9
2020  80 10 20 99999.9 999.99 999.99 999.9
2020  80 10 21 99999.9 999.99 999.99 999.9
2020  80 10 22 99999.9 999.99 999.99 999.9
2020  80 10 23 99999.9 999.99 999.99 999.9
2020  80 10 24 99999.9 999.99 999.99 999.9
2020  80 10 25 99999.9 999.99 999.99 999.9
2020  80 10 26 99999.9 999.99 999.99 999.9
2020  80 10 27 99999.9 999.99 999.99 999.9
2020  80 10 28 99999.9 999.99 999.99 999.9
2020  80 10 29 99999.9 999.99 999.99 999.9
2020  80 10 30 99999.9 999.99 999.99 999.9
2020  80 10 31 99999.9 999.99 999.99 999.9
2020  80 10 32 99999.9 999.99 999.99 999.9
2020  80 10 33 99999.9 999.99 999.99 999.9
2020  80 10 34 99999.9 999.99 999.99 999.9
2020  80 10 35 99999.9 999.99 999.99 999.9
2020  80 10 36 99999.9 999.99 999.99 999.9
2020  80 10 37 99999.9 999.99 999.99 999.9
2020  80 10 38 99999.9 999.99 999.99 999.9
2020  80 10 39 99999.9 999.99 999.99 999.9
2020  80 10 40 99999.9 999.99 999.99 999.9
2020  80 10 41 99999.9 999.99 999.99 999.9
2020  80 10 42 99999.9 999.99 999.99 999.9
2020  80 10 43 99999.9 999.99 999.99 999.9
2020  80 10 44 99999.9 999.99 999.99 999.9
2020  80 10 45 99999.9 999.99 999.99 999.9
2020  80 10 46 99999.9 999.99 999.99 999.9
2020  80 10 47 99999.9 999.99 999.99 999.9
2020  80 10 48 99999.9 999.99 999.99 999.9
2020  80 10 49 99999.9 999.99 999.99 999.9
2020  80 10 50 99999.9 999.99 999.99 999.9
2020  80 10 51 99999.9 999.99 999.99 999.9
2020  80 10 52 99999.9 999.99 999.99 999.9
2020  80 10 53 99999.9 999.99 999.99 999.9
2020  80 10 54 99999.9 999.99 999.99 999.9
2020  80 10 55 99999.9 999.99 999.99 999.9
2020  80 10 56 99999.9 999.99 999.99 999.9
2020  80 10 57 99999.9 999.99 999.99 999.9
2020  80 10 58 99999.9 999.99 999.99 999.9
2020  80 10 59   428.5   2.66   1.27   8.1
2020  80 11  0   426.1   2.60   1.22   7.9
2020  80 11  1   420.9   2.70   1.30   8.0
2020  80 11  2   427.1   2.68   1.30   8.0
2020  80 11  3   423.5   2.66   1.25   7.9
2020  80 11  4   422.9   2.69   1.26   7.8
2020  80 11  5   422.3   2.63   1.26   7.9
2020  80 11  6   423.2   2.66   1.37   8.3
2020  80 11  7   420.9   3.49   1.96   9.6
2020  80 11  8   418.0   3.59   2.00   9.9
2020  80 11  9   409.4   4.38   2.46  11.3
2020  80 11 10   405.8   4.34   2.39  10.4
2020  80 11 11   406.1   4.17   2.45  10.5
2020  80 11 12   407.5   4.08   2.37  10.8
2020  80 11 13   405.0   4.27   2.38  11.1
2020  80 11 14   409.8   3.95   1.98  10.0
2020  80 11 15   414.5   3.30   1.87   9.7
2020  80 11 16   412.2   3.95   2.23  10.6
2020  80 11 17   414.9   3.41   1.75   9.1
2020  80 11 18   423.5   3.21   1.85   8.8
2020  80 11 19   430.7   2.96   1.83   8.8
2020  80 11 20   432.3   2.84   1.73   8.7
2020  80 11 21   432.8   2.84   1.68   8.7
2020  80 11 22   430.1   2.98   1.88   9.0
2020  80 11 23   423.5   3.28   1.92   9.2
2020  80 11 24   432.4   2.93   1.88   8.9
2020  80 11 25   432.2   2.94   1.93   9.0
2020  80 11 26   432.4   2.92   1.93   9.0
2020  80 11 27   432.6   2.93   1.90   8.9
2020  80 11 28   434.3   2.86   1.95   9.0
2020  80 11 29   434.1   2.81   1.89   8.9
2020  80 11 30   432.1   2.80   1.93   8.9
2020  80 11 31   431.3   2.80   1.92   8.9
2020  80 11 32   431.6   2.74   1.87   8.9
2020  80 11 33   426.0   3.01   2.58   9.8
2020  80 11 34   417.4   3.34   3.21  10.5
2020  80 11 35   423.5   2.80   1.87   8.7
2020  80 11 36   424.8   2.50   1.61   8.5
2020  80 11 37   424.0   2.68   1.78   8.7
2020  80 11 38   416.8   3.74   2.75  11.0
2020  80 11 39   406.3   4.76   3.26  12.3
2020  80 11 40   412.2   4.18   2.90  11.4
2020  80 11 41   413.3   3.88   2.96  10.5
2020  80 11 42   412.1   4.25   3.55  11.8
2020  80 11 43   417.5   4.11   2.47  10.5
2020  80 11 44   414.3   3.83   2.23   9.7
2020  80 11 45   420.3   3.42   2.21   9.3
2020  80 11 46   423.6   3.45   2.49   9.5
2020  80 11 47   419.4   3.58   2.62   9.6
2020  80 11 48   402.6   3.82   2.62  10.2
2020  80 11 49   399.4   4.36   2.22  10.4
2020  80 11 50   399.8   4.68   2.27  10.8
2020  80 11 51   412.8   4.01   2.43  10.3
2020  80 11 52   411.4   4.07   2.32  10.1
2020  80 11 53   401.9   4.82   2.80  11.4
2020  80 11 54   401.9   4.82   2.59  11.0
2020  80 11 55   405.8   4.52   2.74  10.9
2020  80 11 56   411.8   4.07   2.65  10.6
2020  80 11 57   405.3   4.57   2.77  10.6
2020  80 11 58   405.1   4.28   2.38  10.4
2020  80 11 59   405.4   4.18   2.26  10.3
2020  80 12  0   421.1   2.92   1.87   8.6
2020  80 12  1   413.4   3.34   2.04   9.2
2020  80 12  2   406.3   3.73   2.14   9.7
2020  80 12  3 99999.9 999.99 999.99 999.9
2020  80 12  4 99999.9 999.99 999.99 999.9
2020  80 12  5   414.9   3.08   1.63   9.1
2020  80 12  6   413.4   3.34   1.84   9.6
2020  80 12  7   406.9   4.47   2.12  10.0
2020  80 12  8   406.1   4.61   2.12   9.9
2020  80 12  9 99999.9 999.99 999.99 999.9
2020  80 12 10   417.1   2.86   1.50   8.1
2020  80 12 11   417.1   2.86   1.51   8.1
2020  80 12 12   417.1   2.86   1.52   8.1
2020  80 12 13 99999.9 999.99 999.99 999.9
2020  80 12 14   422.5   2.68   1.34   7.6
2020  80 12 15   422.5   2.68   1.32   7.6
2020  80 12 16 99999.9 999.99 999.99 999.9
2020  80 12 17 99999.9 999.99 999.99 999.9
2020  80 12 18   421.1   2.72   1.31   7.7
2020  80 12 19   421.1   2.72   1.43   8.1
2020  80 12 20   421.1   2.72   1.63   8.6
2020  80 12 21 99999.9 999.99 999.99 999.9
2020  80 12 22   412.8   3.61   2.00   9.9
2020  80 12 23   412.8   3.61   1.94   9.8
2020  80 12 24 99999.9 999.99 999.99 999.9
2020  80 12 25 99999.9 999.99 999.99 999.9
2020  80 12 26   411.2   3.64   2.12  10.2
2020  80 12 27   411.2   3.64   2.13  10.2
2020  80 12 28   411.2   3.64   2.07  10.1
2020  80 12 29 99999.9 999.99 999.99 999.9
2020  80 12 30   411.7   3.56   1.87   9.7
2020  80 12 31   411.7   3.56   1.84   9.6
2020  80 12 32   411.7   3.56   1.82   9.6
2020  80 12 33 99999.9 999.99 999.99 999.9
2020  80 12 34   413.0   3.71   1.53   8.8
2020  80 12 35   413.0   3.71   1.44   8.6
2020  80 12 36 99999.9 999.99 999.99 999.9
2020  80 12 37 99999.9 999.99 999.99 999.9
2020  80 12 38   421.6   2.91   1.61   8.7
2020  80 12 39   419.6   3.03   1.56   8.6
2020  80 12 40   416.3   3.23   1.54   8.6
2020  80 12 41 99999.9 999.99 999.99 999.9
2020  80 12 42 99999.9 999.99 999.99 999.9
2020  80 12 43 99999.9 999.99 999.99 999.9
2020  80 12 44   414.1   3.58   1.72   9.3
2020  80 12 45   414.1   3.58   1.67   9.2
2020  80 12 46 99999.9 999.99 999.99 999.9
2020  80 12 47   408.7   4.20   2.47  10.9
2020  80 12 48   406.1   4.42   2.72  11.1
2020  80 12 49 99999.9 999.99 999.99 999.9
2020  80 12 50   401.6   4.66   2.81  11.3
2020  80 12 51   401.6   4.66   2.88  11.4
2020  80 12 52   401.6   4.66   2.90  11.4
2020  80 12 53 99999.9 999.99 999.99 999.9
2020  80 12 54 99999.9 999.99 999.99 999.9
2020  80 12 55   403.3   4.46   2.63  10.9
2020  80 12 56   403.3   4.46   2.67  11.0
2020  80 12 57   403.4   4.63   2.76  11.1
2020  80 12 58   403.4   4.63   2.82  11.2
2020  80 12 59   404.0   4.47   2.34  10.6
2020  80 13  0   404.0   4.47   2.46  10.9
2020  80 13  1   401.1   5.29   3.18  11.3
2020  80 13  2   401.1   5.29   3.18  11.3
2020  80 13  3   401.1   5.29   3.16  11.3
2020  80 13  4   405.2   5.22   2.77  11.0
2020  80 13  5   405.2   5.22   2.81  11.1
2020  80 13  6   406.0   5.13   2.78  11.2
2020  80 13  7   406.8   5.04   2.70  11.1
2020  80 13  8   406.8   5.04   2.58  10.8
2020  80 13  9   406.6   5.26   2.62  11.0
2020  80 13 10   406.6   5.26   2.61  11.0
2020  80 13 11 99999.9 999.99 999.99 999.9
2020  80 13 12   407.5   5.28   2.78  11.3
2020  80 13 13   407.5   5.28   2.73  11.2
2020  80 13 14   405.8   5.63   3.07  11.4
2020  80 13 15   405.8   5.63   3.01  11.3
2020  80 13 16   406.0   5.61   3.04  11.4
2020  80 13 17   409.2   5.33   2.66  11.1
2020  80 13 18   409.3   5.33   2.59  11.0
2020  80 13 19   410.2   5.30   2.50  11.0
2020  80 13 20   410.0   5.30   2.55  11.1
2020  80 13 21   409.8   5.31   2.40  10.7
2020  80 13 22   409.7   5.33   2.33  10.7
2020  80 13 23   409.7   5.34   2.33  10.7
2020  80 13 24   409.7   5.34   2.23  10.5
2020  80 13 25   408.5   4.78   1.86   9.8
2020  80 13 26   408.5   4.78   1.87   9.8
2020  80 13 27   406.0   5.11   2.27  10.5
2020  80 13 28   406.1   5.11   2.17  10.3
2020  80 13 29   409.8   5.03   2.09  10.1
2020  80 13 30   410.7   5.01   2.06  10.1
2020  80 13 31   407.5   5.07   2.04   9.9
2020  80 13 32   408.4   5.03   1.97   9.9
2020  80 13 33   410.3   5.03   1.93  10.0
2020  80 13 34   411.0   5.12   2.01  10.0
2020  80 13 35   410.8   5.23   2.01  10.1
2020  80 13 36   410.8   5.24   1.96  10.0
2020  80 13 37   410.8   5.24   1.94  10.0
2020  80 13 38   412.1   5.23   1.88  10.0
2020  80 13 39   412.1   5.23   1.88  10.0
2020  80 13 40   412.1   5.23   1.87   9.9
2020  80 13 41   409.9   4.67   1.55   9.2
2020  80 13 42   409.9   4.68   1.58   9.3
2020  80 13 43   411.2   5.19   1.94  10.0
2020  80 13 44   411.0   5.18   1.96  10.1
2020  80 13 45   409.9   5.13   1.92  10.0
2020  80 13 46   409.4   5.08   1.98   9.9
2020  80 13 47   410.8   4.93   1.76   9.5
2020  80 13 48   413.1   4.75   1.65   9.4
2020  80 13 49   411.3   4.97   1.76   9.6
2020  80 13 50   413.6   4.78   1.61   9.2
2020  80 13 51   413.6   4.78   1.57   9.1
2020  80 13 52   410.8   4.69   1.53   9.0
2020  80 13 53   410.8   4.69   1.54   9.0
2020  80 13 54   410.8   4.69   1.50   8.9
2020  80 13 55   410.4   4.41   1.36   8.7
2020  80 13 56   410.4   4.41   1.36   8.7
2020  80 13 57   414.1   4.71   1.53   9.0
2020  80 13 58   414.1   4.71   1.57   9.1
2020  80 13 59   414.1   4.71   1.59   9.2
2020  80 14  0   416.5   4.80   1.59   9.3
2020  80 14  1   416.5   4.80   1.63   9.4
2020  80 14  2   416.5   4.80   1.55   9.2
2020  80 14  3   412.1   4.82   1.57   9.2
2020  80 14  4   412.1   4.82   1.59   9.2
2020  80 14  5   412.1   4.82   1.61   9.3
2020  80 14  6   414.5   4.70   1.47   9.1
2020  80 14  7   414.5   4.70   1.47   9.1
2020  80 14  8 99999.9 999.99 999.99 999.9
2020  80 14  9   414.3   4.75   1.54   9.0
2020  80 14 10   414.3   4.75   1.55   9.1
2020  80 14 11   415.2   4.56   1.41   8.9
2020  80 14 12   415.2   4.56   1.43   9.0
2020  80 14 13   415.2   4.56   1.43   9.0
2020  80 14 14   416.3   4.84   1.54   9.3
2020  80 14 15   416.3   4.84   1.54   9.3
2020  80 14 16   412.8   4.69   1.53   9.1
2020  80 14 17   412.8   4.69   1.52   9.1
2020  80 14 18   412.8   4.69   1.58   9.3
2020  80 14 19   411.3   5.22   1.88   9.7
2020  80 14 20   411.3   5.22   1.83   9.6
2020  80 14 21   416.4   5.03   1.68   9.7
2020  80 14 22   416.6   5.02   1.72   9.8
2020  80 14 23   418.0   5.13   1.67   9.8
2020  80 14 24   417.4   5.14   1.63   9.6
2020  80 14 25   416.6   5.16   1.69   9.6
2020  80 14 26   418.2   5.23   1.73   9.7
2020  80 14 27   418.3   5.14   1.69   9.7
2020  80 14 28   418.1   4.96   1.59   9.4
2020  80 14 29   417.3   5.03   1.67   9.5
2020  80 14 30   416.1   5.08   1.70   9.5
2020  80 14 31   417.8   5.00   1.58   9.4
2020  80 14 32   419.4   4.94   1.59   9.4
2020  80 14 33   421.1   4.95   1.62   9.5
2020  80 14 34   423.8   4.96   1.60   9.5
2020  80 14 35   413.2   5.14   1.73   9.6
2020  80 14 36   413.2   5.14   1.83   9.9
2020  80 14 37 99999.9 999.99 999.99 999.9
2020  80 14 38   415.6   5.28   2.16  10.7
2020  80 14 39   415.7   5.28   2.77  12.2
2020  80 14 40   431.3   5.52   4.60  14.6
2020  80 14 41   421.3   5.68   5.17  15.8
2020  80 14 42   418.5   5.72   4.37  14.6
2020  80 14 43   423.0   5.72   3.74  13.3
2020  80 14 44   410.5   5.51   2.94  11.8
2020  80 14 45   408.1   5.66   3.01  11.9
2020  80 14 46   418.5   5.17   2.21  10.7
2020  80 14 47   412.6   5.09   2.06  10.3
2020  80 14 48   407.9   5.07   2.17  10.6
2020  80 14 49   419.3   5.27   2.60  11.8
2020  80 14 50   425.0   5.80   2.99  13.0
2020  80 14 51   425.9   5.40   2.65  12.0
2020  80 14 52   430.3   4.99   2.22  11.6
2020  80 14 53   428.5   4.99   2.54  12.1
2020  80 14 54   422.2   5.25   3.17  12.8
2020  80 14 55   419.9   5.56   3.46  12.9
2020  80 14 56   421.3   5.73   3.75  13.5
2020  80 14 57 99999.9 999.99 999.99 999.9
2020  80 14 58 99999.9 999.99 999.99 999.9
2020  80 14 59   406.0   5.06   1.96   9.8
2020  80 15  0   406.3   5.05   1.93   9.8
2020  80 15  1   408.1   4.98   1.63   9.2
2020  80 15  2   408.4   4.97   1.80   9.7
2020  80 15  3   403.1   5.03   2.21   9.8
2020  80 15  4   403.1   5.03   2.18   9.7
2020  80 15  5   403.4   5.16   2.02   9.7
2020  80 15  6   403.4   5.17   2.25  10.2
2020  80 15  7   402.8   4.95   2.16  10.1
2020  80 15  8   404.1   4.90   2.15  10.1
2020  80 15  9   403.0   5.12   1.98   9.6
2020  80 15 10   405.4   4.74   1.51   8.9
2020  80 15 11   405.2   4.68   1.48   8.8
2020  80 15 12   400.9   4.65   1.48   8.7
2020  80 15 13   400.9   4.65   1.52   8.8
2020  80 15 14   403.0   4.36   1.40   8.4
2020  80 15 15   403.0   4.36   1.34   8.3
2020  80 15 16   404.0   4.40   1.28   8.1
2020  80 15 17   404.0   4.39   1.23   8.0
2020  80 15 18   404.4   4.19   1.21   8.0
2020  80 15 19   402.1   4.40   1.35   8.3
2020  80 15 20   399.4   4.66   1.57   8.6
2020  80 15 21   397.4   4.82   1.58   8.9
2020  80 15 22   398.2   4.88   1.67   9.2
2020  80 15 23   411.5   5.54   1.80  10.0
2020  80 15 24   409.8   5.38   1.73   9.8
2020  80 15 25   407.1   5.02   1.59   9.4
2020  80 15 26   411.8   5.08   1.56   9.5
2020  80 15 27   413.9   5.03   1.55   9.5
2020  80 15 28   408.2   4.64   1.39   8.9
2020  80 15 29   406.3   4.73   1.40   8.9
2020  80 15 30   400.5   5.44   1.73   9.5
2020  80 15 31   400.5   5.42   1.70   9.4
2020  80 15 32   402.2   4.83   1.46   8.9
2020  80 15 33   409.8   4.97   1.53   9.3
2020  80 15 34   409.8   5.06   1.53   9.3
2020  80 15 35   407.3   4.86   1.45   9.2
2020  80 15 36   411.1   4.81   1.38   9.1
2020  80 15 37   409.5   4.78   1.38   9.0
2020  80 15 38   411.4   4.79   1.39   9.0
2020  80 15 39   414.5   4.96   1.47   9.2
2020  80 15 40   413.7   4.97   1.46   9.2
2020  80 15 41   413.5   4.99   1.45   9.2
2020  80 15 42   412.4   4.95   1.45   9.2
2020  80 15 43   412.0   4.94   1.44   9.2
2020  80 15 44   411.1   5.01   1.49   9.3
2020  80 15 45   410.4   5.05   1.52   9.3
2020  80 15 46   411.8   4.92   1.47   9.3
2020  80 15 47   412.8   4.82   1.34   9.0
2020  80 15 48   416.6   4.82   1.31   9.0
2020  80 15 49   419.4   4.82   1.33   9.1
2020  80 15 50   419.8   4.85   1.36   9.2
2020  80 15 51   420.6   4.92   1.43   9.3
2020  80 15 52   420.6   4.92   1.43   9.3
2020  80 15 53   422.5   5.08   1.42   9.4
2020  80 15 54   422.5   5.08   1.35   9.1
2020  80 15 55 99999.9 999.99 999.99 999.9
2020  80 15 56 99999.9 999.99 999.99 999.9
2020  80 15 57   421.8   5.01   1.38   9.2
2020  80 15 58   421.8   5.01   1.29   8.9
2020  80 15 59   424.3   4.78   1.18   8.7
2020  80 16  0   424.3   4.78   1.15   8.6
2020  80 16  1 99999.9 999.99 999.99 999.9
2020  80 16  2 99999.9 999.99 999.99 999.9
2020  80 16  3 99999.9 999.99 999.99 999.9
2020  80 16  4 99999.9 999.99 999.99 999.9
2020  80 16  5 99999.9 999.99 999.99 999.9
2020  80 16  6 99999.9 999.99 999.99 999.9
2020  80 16  7 99999.9 999.99 999.99 999.9
2020  80 16  8   421.8   4.78   1.20   8.7
2020  80 16  9   421.7   4.89   1.19   8.7
2020  80 16 10   420.9   4.42   1.06   8.1
2020  80 16 11   420.9   4.42   1.06   8.1
2020  80 16 12   421.3   4.37   1.02   8.1
2020  80 16 13   421.8   4.29   0.98   8.0
2020  80 16 14   421.8   4.29   0.97   8.0
2020  80 16 15 99999.9 999.99 999.99 999.9
2020  80 16 16 99999.9 999.99 999.99 999.9
2020  80 16 17 99999.9 999.99 999.99 999.9
2020  80 16 18 99999.9 999.99 999.99 999.9
2020  80 16 19 99999.9 999.99 999.99 999.9
2020  80 16 20   422.4   4.31   0.94   7.9
2020  80 16 21   422.4   4.31   0.95   7.9
2020  80 16 22   422.4   4.31   0.96   8.0
2020  80 16 23   421.8   4.62   1.02   8.1
2020  80 16 24   420.8   4.64   1.03   8.2
2020  80 16 25   420.1   4.65   0.99   8.0
2020  80 16 26 99999.9 999.99 999.99 999.9
2020  80 16 27 99999.9 999.99 999.99 999.9
2020  80 16 28   421.6   4.38   0.91   7.7
2020  80 16 29   421.9   4.37   0.89   7.7
2020  80 16 30   423.5   4.27   0.85   7.6
2020  80 16 31   426.7   4.39   0.91   7.8
2020  80 16 32   426.8   4.39   0.93   7.9
2020  80 16 33   428.6   4.44   1.01   8.2
2020  80 16 34   428.2   4.57   1.20   8.7
2020  80 16 35   427.9   4.66   1.35   9.0
2020  80 16 36   406.8   5.62   1.96   9.8
2020  80 16 37   406.8   5.62   2.00   9.9
2020  80 16 38   407.6   5.70   2.06  10.2
2020  80 16 39   407.5   5.69   1.93  10.0
2020  80 16 40   406.7   5.61   1.84   9.8
2020  80 16 41   405.0   5.41   1.70   9.6
2020  80 16 42   403.8   5.64   1.79   9.7
2020  80 16 43   403.7   5.65   1.80   9.8
2020  80 16 44 99999.9 999.99 999.99 999.9
2020  80 16 45   404.5   5.54   1.67   9.5
2020  80 16 46   404.5   5.54   1.67   9.5
2020  80 16 47 99999.9 999.99 999.99 999.9
2020  80 16 48   406.7   5.29   1.60   9.5
2020  80 16 49   411.4   5.17   1.55   9.4
2020  80 16 50   409.9   5.78   1.78   9.9
2020  80 16 51   403.9   5.56   1.70   9.6
2020  80 16 52   404.9   5.52   1.68   9.6
2020  80 16 53   411.6   5.45   1.62   9.6
2020  80 16 54   406.7   5.71   1.76   9.8
2020  80 16 55   407.8   5.36   1.60   9.5
2020  80 16 56   408.2   5.46   1.58   9.4
2020  80 16 57   407.1   5.34   1.52   9.3
2020  80 16 58   407.0   4.86   1.34   8.8
2020  80 16 59 99999.9 999.99 999.99 999.9
2020  80 17  0   413.5   5.66   1.66   9.7
2020  80 17  1   413.5   5.66   1.61   9.6
2020  80 17  2   413.5   5.66   1.58   9.5
2020  80 17  3   403.5   5.27   1.46   8.9
2020  80 17  4   403.5   5.27   1.46   8.9
2020  80 17  5   403.5   5.27   1.48   9.0
2020  80 17  6 99999.9 999.99 999.99 999.9
2020  80 17  7 99999.9 999.99 999.99 999.9
2020  80 17  8 99999.9 999.99 999.99 999.9
2020  80 17  9   403.8   4.81   1.24   8.3
2020  80 17 10   403.8   4.81   1.25   8.3
2020  80 17 11   403.8   4.81   1.28   8.5
2020  80 17 12 99999.9 999.99 999.99 999.9
2020  80 17 13 99999.9 999.99 999.99 999.9
2020  80 17 14 99999.9 999.99 999.99 999.9
2020  80 17 15   409.3   4.98   1.31   8.7
2020  80 17 16   409.3   4.98   1.32   8.7
2020  80 17 17   409.3   4.98   1.28   8.6
2020  80 17 18 99999.9 999.99 999.99 999.9
2020  80 17 19 99999.9 999.99 999.99 999.9
2020  80 17 20 99999.9 999.99 999.99 999.9
2020  80 17 21 99999.9 999.99 999.99 999.9
2020  80 17 22 99999.9 999.99 999.99 999.9
2020  80 17 23 99999.9 999.99 999.99 999.9
2020  80 17 24   398.4   4.98   1.33   8.5
2020  80 17 25   398.4   4.98   1.34   8.5
2020  80 17 26 99999.9 999.99 999.99 999.9
2020  80 17 27 99999.9 999.99 999.99 999.9
2020  80 17 28 99999.9 999.99 999.99 999.9
2020  80 17 29 99999.9 999.99 999.99 999.9
2020  80 17 30 99999.9 999.99 999.99 999.9
2020  80 17 31   401.0   4.24   1.02   7.7
2020  80 17 32   401.0   4.24   1.04   7.7
2020  80 17 33   401.0   4.24   1.06   7.8
2020  80 17 34   395.9   5.25   1.49   8.7
2020  80 17 35   395.9   5.25   1.47   8.7
2020  80 17 36   395.9   5.24   1.50   8.8
2020  80 17 37   396.0   5.10   1.47   8.6
2020  80 17 38   396.2   5.05   1.48   8.6
2020  80 17 39   396.6   5.07   1.52   8.7
2020  80 17 40 99999.9 999.99 999.99 999.9
2020  80 17 41 99999.9 999.99 999.99 999.9
2020  80 17 42 99999.9 999.99 999.99 999.9
2020  80 17 43   397.6   4.87   1.39   8.6
2020  80 17 44   397.4   5.02   1.42   8.7
2020  80 17 45   397.2   5.16   1.46   8.8
2020  80 17 46   398.1   4.78   1.30   8.4
2020  80 17 47   397.9   4.80   1.33   8.5
2020  80 17 48   397.3   4.88   1.40   8.6
2020  80 17 49   397.5   5.10   1.48   8.8
2020  80 17 50   397.4   5.11   1.46   8.7
2020  80 17 51 99999.9 999.99 999.99 999.9
2020  80 17 52 99999.9 999.99 999.99 999.9
2020  80 17 53 99999.9 999.99 999.99 999.9
2020  80 17 54   397.4   4.97   1.37   8.5
2020  80 17 55   397.4   4.97   1.37   8.5
2020  80 17 56   397.4   4.97 999.99 999.9
2020  80 17 57 99999.9 999.99 999.99 999.9
2020  80 17 58 99999.9 999.99 999.99 999.9
2020  80 17 59 99999.9 999.99 999.99 999.9
2020  80 18  0 99999.9 999.99 999.99 999.9
2020  80 18  1   395.9   5.10   1.49   8.7
2020  80 18  2   396.1   5.12   1.49   8.7
2020  80 18  3   396.6   4.80   1.37   8.4
2020  80 18  4   395.6   5.13   1.55   8.7
2020  80 18  5   393.2   5.59   1.74   9.1
2020  80 18  6   392.8   5.47   1.65   8.9
2020  80 18  7   392.3   5.00   1.60   8.7
2020  80 18  8   392.4   5.60   1.89   9.4
2020  80 18  9   391.4   5.80   1.98   9.5
2020  80 18 10   391.8   5.60   2.30  10.2
2020  80 18 11   387.1   5.41   3.10  11.5
2020  80 18 12   386.9   5.11   2.41  10.6
2020  80 18 13   387.5   5.41   2.73  11.6
2020  80 18 14   375.9   6.25   3.82  12.4
2020  80 18 15   385.4   5.77   3.37  12.3
2020  80 18 16   388.6   5.58   2.78  11.5
2020  80 18 17 99999.9 999.99 999.99 999.9
2020  80 18 18   395.9   5.52 999.99 999.9
2020  80 18 19   395.9   5.52   2.69  11.4
2020  80 18 20   395.9   5.52 999.99 999.9
2020  80 18 21 99999.9 999.99 999.99 999.9
2020  80 18 22 99999.9 999.99 999.99 999.9
2020  80 18 23 99999.9 999.99 999.99 999.9
2020  80 18 24   412.5   4.91   1.86  10.4
2020  80 18 25   412.5   4.91   1.85  10.3
2020  80 18 26   412.5   4.91   2.00  10.7
2020  80 18 27   413.6   5.62   2.42  11.6
2020  80 18 28   413.6   5.62   2.33  11.3
2020  80 18 29   413.6   5.62   2.21  11.0
2020  80 18 30 99999.9 999.99 999.99 999.9
2020  80 18 31   406.5   4.63   1.59   9.6
2020  80 18 32   406.5   4.63   1.54   9.5
2020  80 18 33   406.5   4.63   1.52   9.4
2020  80 18 34 99999.9 999.99 999.99 999.9
2020  80 18 35 99999.9 999.99 999.99 999.9
2020  80 18 36 99999.9 999.99 999.99 999.9
2020  80 18 37   412.8   4.90 999.99 999.9
2020  80 18 38   412.8   4.90   1.82  10.3
2020  80 18 39   412.8   4.90 999.99 999.9
2020  80 18 40   423.0   4.65   1.65  10.0
2020  80 18 41   421.7   4.61   1.62   9.9
2020  80 18 42   418.2   4.48   1.61   9.7
2020  80 18 43   417.0   4.44 999.99 999.9
2020  80 18 44 99999.9 999.99 999.99 999.9
2020  80 18 45 99999.9 999.99 999.99 999.9
2020  80 18 46 99999.9 999.99 999.99 999.9
2020  80 18 47 99999.9 999.99 999.99 999.9
2020  80 18 48 99999.9 999.99 999.99 999.9
2020  80 18 49 99999.9 999.99 999.99 999.9
2020  80 18 50 99999.9 999.99 999.99 999.9
2020  80 18 51 99999.9 999.99 999.99 999.9
2020  80 18 52 99999.9 999.99 999.99 999.9
2020  80 18 53 99999.9 999.99 999.99 999.9
2020  80 18 54 99999.9 999.99 999.99 999.9
2020  80 18 55 99999.9 999.99 999.99 999.9
2020  80 18 56   406.4   4.17   1.59   9.6
2020  80 18 57   406.3   4.25   1.67   9.8
2020  80 18 58   406.0   4.75   1.98  10.1
2020  80 18 59   413.8   4.67   1.75  10.0
2020  80 19  0   423.3   4.92   1.76  10.4
2020  80 19  1   422.5   4.73   1.72  10.2
2020  80 19  2   416.5   4.35   1.51   9.5
2020  80 19  3   415.5   4.34   1.50   9.5
2020  80 19  4   408.2   4.27   1.58   9.4
2020  80 19  5   414.9   3.98   1.46   9.4
2020  80 19  6   420.4   3.90   1.35   9.3
2020  80 19  7   415.0   4.74   1.63  10.0
2020  80 19  8   414.7   4.71   1.62   9.9
2020  80 19  9   414.1   4.67   1.64  10.0
2020  80 19 10   416.5   4.94   1.85  10.4
2020  80 19 11   417.5   4.89   1.81  10.5
2020  80 19 12   418.3   5.03   1.91  10.7
2020  80 19 13   418.9   5.33   2.21  11.3
2020  80 19 14   421.6   4.86   1.93  10.9
2020  80 19 15   421.6   4.86   1.88  10.8
2020  80 19 16   421.8   4.68   1.84  10.7
2020  80 19 17   421.8   4.68   1.83  10.7
2020  80 19 18   414.3   4.83   2.25  11.4
2020  80 19 19   403.2   5.01   2.85  12.1
2020  80 19 20   391.1   4.83   2.56  11.0
2020  80 19 21   418.4   4.51   1.86  10.7
2020  80 19 22   399.7   4.89   2.81  11.9
2020  80 19 23   386.3   5.03   2.72  10.9
2020  80 19 24   418.2   4.78   2.30  11.6
2020  80 19 25   418.7   4.86   2.46  11.9
2020  80 19 26   381.3   5.94   3.34  12.4
2020  80 19 27   381.3   5.94   3.57  12.8
2020  80 19 28   380.8   5.34   3.83  12.4
2020  80 19 29   380.8   5.34   3.33  11.5
2020  80 19 30   380.8   5.34   3.83  12.4
2020  80 19 31   389.4   5.80   3.81  12.9
2020  80 19 32   392.2   5.64   3.85  13.3
2020  80 19 33   394.5   5.51   3.77  13.5
2020  80 19 34   407.3   4.75   3.63  13.8
2020  80 19 35   407.3   4.75   3.27  13.1
2020  80 19 36   416.9   4.44   2.56  12.6
2020  80 19 37   409.6   4.72   3.41  13.9
2020  80 19 38   386.4   5.63   4.31  13.4
2020  80 19 39   404.4   4.73   3.74  13.7
2020  80 19 40   406.2   4.58   3.54  13.5
2020  80 19 41   409.8   4.53   2.49  12.3
2020  80 19 42   411.3   4.50   2.05  11.2
2020  80 19 43   386.7   5.63   3.50  12.3
2020  80 19 44   389.4   5.60   3.52  12.5
2020  80 19 45   415.2   5.04   2.48  12.2
2020  80 19 46   418.7   4.78   2.40  12.2
2020  80 19 47   395.6   5.14   2.82  11.8
2020  80 19 48   399.5   5.02   2.44  11.3
2020  80 19 49   414.5   4.75   2.51  12.0
2020  80 19 50   417.3   4.88   2.52  12.1
2020  80 19 51   419.1   4.80   2.40  11.9
2020  80 19 52   420.7   4.67   2.59  12.7
2020  80 19 53   387.3   5.34   3.42  12.5
2020  80 19 54   387.3   5.34   3.56  12.8
2020  80 19 55   387.3   5.34   3.75  13.1
2020  80 19 56 99999.9 999.99 999.99 999.9
2020  80 19 57 99999.9 999.99 999.99 999.9
2020  80 19 58   389.3   4.79   2.87  12.1
2020  80 19 59   389.3   4.79   3.05  12.5
2020  80 20  0 99999.9 999.99 999.99 999.9
2020  80 20  1 99999.9 999.99 999.99 999.9
2020  80 20  2   393.9   5.55   3.61  13.4
2020  80 20  3   393.9   5.55   3.50  13.3
2020  80 20  4   393.9   5.55   3.52  13.3
2020  80 20  5 99999.9 999.99 999.99 999.9
2020  80 20  6 99999.9 999.99 999.99 999.9
2020  80 20  7   400.2   4.64   2.75  12.4
2020  80 20  8   400.5   4.58   2.89  12.8
2020  80 20  9 99999.9 999.99 999.99 999.9
2020  80 20 10   409.8   5.58   3.99  14.1
2020  80 20 11   409.8   5.58   3.95  14.0
2020  80 20 12   412.6   5.39   3.27  13.3
2020  80 20 13   414.4   5.27   3.01  13.2
2020  80 20 14 99999.9 999.99 999.99 999.9
2020  80 20 15 99999.9 999.99 999.99 999.9
2020  80 20 16   410.3   4.78   2.83  12.6
2020  80 20 17   410.3   4.78   2.83  12.6
2020  80 20 18   410.3   4.78   2.85  12.7
2020  80 20 19 99999.9 999.99 999.99 999.9
2020  80 20 20 99999.9 999.99 999.99 999.9
2020  80 20 21 99999.9 999.99 999.99 999.9
2020  80 20 22 99999.9 999.99 999.99 999.9
2020  80 20 23   413.7   5.57   2.64  12.4
2020  80 20 24   413.7   5.57   2.16  11.2
2020  80 20 25   426.9   5.11   2.12  11.2
2020  80 20 26   427.4   4.69   2.20  11.7
2020  80 20 27 99999.9 999.99 999.99 999.9
2020  80 20 28   425.4   5.12   2.37  12.2
2020  80 20 29   425.4   5.12   2.30  12.0
2020  80 20 30   425.4   5.12   2.28  11.9
2020  80 20 31 99999.9 999.99 999.99 999.9
2020  80 20 32 99999.9 999.99 999.99 999.9
2020  80 20 33 99999.9 999.99 999.99 999.9
2020  80 20 34 99999.9 999.99 999.99 999.9
2020  80 20 35 99999.9 999.99 999.99 999.9
2020  80 20 36 99999.9 999.99 999.99 999.9
2020  80 20 37 99999.9 999.99 999.99 999.9
2020  80 20 38 99999.9 999.99 999.99 999.9
2020  80 20 39   414.6   5.13   2.59  12.4
2020  80 20 40   414.6   5.13 999.99 999.9
2020  80 20 41 99999.9 999.99 999.99 999.9
2020  80 20 42 99999.9 999.99 999.99 999.9
2020  80 20 43   414.0   5.48   2.95  12.8
2020  80 20 44   414.0   5.48   2.74  12.3
2020  80 20 45 99999.9 999.99 999.99 999.9
2020  80 20 46 99999.9 999.99 999.99 999.9
2020  80 20 47 99999.9 999.99 999.99 999.9
2020  80 20 48 99999.9 999.99 999.99 999.9
2020  80 20 49 99999.9 999.99 999.99 999.9
2020  80 20 50 99999.9 999.99 999.99 999.9
2020  80 20 51 99999.9 999.99 999.99 999.9
2020  80 20 52 99999.9 999.99 999.99 999.9
2020  80 20 53 99999.9 999.99 999.99 999.9
2020  80 20 54   413.2   5.08   2.38  11.6
2020  80 20 55   413.6   5.09   2.64  12.3
2020  80 20 56   421.9   5.32   2.55  12.2
2020  80 20 57   421.9   5.32   2.50  12.0
2020  80 20 58   416.5   4.98 999.99 999.9
2020  80 20 59   416.5   4.98   2.17  11.6
2020  80 21  0   420.5   4.88   2.12  11.6
2020  80 21  1   421.2   4.86   1.99  11.2
2020  80 21  2 99999.9 999.99 999.99 999.9
2020  80 21  3 99999.9 999.99 999.99 999.9
2020  80 21  4   417.2   4.88   1.84  10.8
2020  80 21  5   416.0   4.68   1.71  10.4
2020  80 21  6   414.8   4.50   1.86  10.9
2020  80 21  7   413.4   4.62   1.68  10.2
2020  80 21  8   413.6   4.64   1.79  10.5
2020  80 21  9   419.0   5.17   2.31  11.6
2020  80 21 10   419.2   5.22   2.27  11.4
2020  80 21 11 99999.9 999.99 999.99 999.9
2020  80 21 12 99999.9 999.99 999.99 999.9
2020  80 21 13   413.8   4.88   2.29  11.4
2020  80 21 14   414.0   4.80   1.82  10.4
2020  80 21 15   414.6   4.69   2.00  11.2
2020  80 21 16   422.6   5.57   2.52  12.3
2020  80 21 17   422.6   5.57   2.30  11.7
2020  80 21 18 99999.9 999.99 999.99 999.9
2020  80 21 19   412.0   4.49   1.78  10.5
2020  80 21 20   412.0   4.49   1.52   9.7
2020  80 21 21   412.0   4.49   1.82  10.6
2020  80 21 22   416.1   4.78   1.62  10.1
2020  80 21 23   416.1   4.78   1.73  10.4
2020  80 21 24   416.1   4.78   1.94  11.1
2020  80 21 25   415.4   5.31   1.86  10.7
2020  80 21 26   415.4   5.31   1.94  10.9
2020  80 21 27   411.0   4.73   1.77  10.3
2020  80 21 28   414.4   4.61   1.67  10.2
2020  80 21 29   417.2   4.51   1.48   9.7
2020  80 21 30   413.8   5.04   2.09  11.2
2020  80 21 31   418.7   5.17   1.92  10.7
2020  80 21 32   413.6   4.76   1.70  10.2
2020  80 21 33   414.4   4.79   1.60   9.9
2020  80 21 34   413.4   4.83   1.51   9.7
2020  80 21 35   414.3   4.90   1.63  10.1
2020  80 21 36   417.0   4.70   1.50   9.7
2020  80 21 37   417.0   4.70   1.67  10.2
2020  80 21 38   415.2   4.53   1.25   8.9
2020  80 21 39   414.9   4.51   1.31   9.1
2020  80 21 40   413.4   4.39   1.18   8.6
2020  80 21 41   413.0   4.36   1.21   8.7
2020  80 21 42   415.7   4.84   1.75  10.4
2020  80 21 43   415.7   4.84   1.45   9.5
2020  80 21 44 99999.9 999.99 999.99 999.9
2020  80 21 45 99999.9 999.99 999.99 999.9
2020  80 21 46   413.8   4.91   1.89  10.4
2020  80 21 47   413.8   4.91   1.77  10.1
2020  80 21 48   417.1   5.00   1.76  10.1
2020  80 21 49   415.2   4.87   1.73  10.1
2020  80 21 50   414.1   4.86   1.73  10.1
2020  80 21 51   415.8   5.16   1.91  10.5
2020  80 21 52   416.1   5.36   1.84  10.4
2020  80 21 53   416.5   4.88   1.71  10.1
2020  80 21 54   416.5   5.22   1.72  10.2
2020  80 21 55   416.8   4.74   1.47   9.5
2020  80 21 56   415.0   4.78   1.34   9.1
2020  80 21 57   414.0   4.86   1.37   9.1
2020  80 21 58   410.9   4.90   1.46   9.3
2020  80 21 59   411.5   4.64   1.33   9.0
2020  80 22  0   411.2   4.79   1.40   9.2
2020  80 22  1   411.2   4.79   1.42   9.3
2020  80 22  2 99999.9 999.99 999.99 999.9
2020  80 22  3   414.0   4.92   1.48   9.5
2020  80 22  4   413.9   4.94   1.48   9.5
2020  80 22  5   412.8   5.17   1.59   9.8
2020  80 22  6   412.8   5.17   1.52   9.6
2020  80 22  7 99999.9 999.99 999.99 999.9
2020  80 22  8 99999.9 999.99 999.99 999.9
2020  80 22  9   412.6   4.77   1.40   9.3
2020  80 22 10   412.3   4.64   1.31   9.0
2020  80 22 11   412.0   4.53   1.31   9.0
2020  80 22 12 99999.9 999.99 999.99 999.9
2020  80 22 13   413.0   4.84   1.44   9.3
2020  80 22 14   413.0   4.84   1.45   9.4
2020  80 22 15   414.3   5.21   1.55   9.6
2020  80 22 16   414.3   5.21   1.52   9.6
2020  80 22 17 99999.9 999.99 999.99 999.9
2020  80 22 18 99999.9 999.99 999.99 999.9
2020  80 22 19   416.5   5.52   1.71  10.2
2020  80 22 20   414.2   5.16   1.59   9.7
2020  80 22 21   412.1   4.84   1.58   9.6
2020  80 22 22 99999.9 999.99 999.99 999.9
2020  80 22 23 99999.9 999.99 999.99 999.9
2020  80 22 24 99999.9 999.99 999.99 999.9
2020  80 22 25   414.2   5.09   1.53   9.7
2020  80 22 26   414.4   5.12   1.56   9.7
2020  80 22 27   414.5   5.15   1.61   9.9
2020  80 22 28 99999.9 999.99 999.99 999.9
2020  80 22 29   410.8   4.58   1.46   9.3
2020  80 22 30   411.6   4.83   1.48   9.4
2020  80 22 31   413.3   5.37   1.73  10.0
2020  80 22 32 99999.9 999.99 999.99 999.9
2020  80 22 33 99999.9 999.99 999.99 999.9
2020  80 22 34 99999.9 999.99 999.99 999.9
2020  80 22 35   415.9   5.39   1.68  10.1
2020  80 22 36   415.9   5.39   1.63   9.9
2020  80 22 37 99999.9 999.99 999.99 999.9
2020  80 22 38 99999.9 999.99 999.99 999.9
2020  80 22 39   401.8   4.77   1.76   9.9
2020  80 22 40   407.8   4.83   1.42   9.1
2020  80 22 41   412.9   5.09   1.49   9.5
2020  80 22 42   413.1   5.15   1.52   9.6
2020  80 22 43   413.1   5.15   1.90  10.7
2020  80 22 44 99999.9 999.99 999.99 999.9
2020  80 22 45 99999.9 999.99 999.99 999.9
2020  80 22 46 99999.9 999.99 999.99 999.9
2020  80 22 47 99999.9 999.99 999.99 999.9
2020  80 22 48 99999.9 999.99 999.99 999.9
2020  80 22 49   411.5   4.74   1.43   9.3
2020  80 22 50   411.5   4.74   1.79  10.4
2020  80 22 51   394.1   4.78   1.94  10.1
2020  80 22 52   394.1   4.78   1.72   9.5
2020  80 22 53   388.8   4.54   1.83   9.7
2020  80 22 54   388.0   4.80   1.97   9.8
2020  80 22 55   391.5   4.49   1.65   9.2
2020  80 22 56   392.2   4.41   1.33   8.3
2020  80 22 57   396.1   4.09   1.31   8.5
2020  80 22 58   394.7   4.47   1.43   8.6
2020  80 22 59   393.3   5.03   1.66   9.0
2020  80 23  0   403.0   4.66   1.68   9.4
2020  80 23  1   403.7   4.66   1.49   8.9
2020  80 23  2   395.8   4.37   1.57   8.7
2020  80 23  3   395.8   4.35   1.42   8.3
2020  80 23  4   396.1   4.22   1.43   8.5
2020  80 23  5   395.3   4.56   1.59   8.6
2020  80 23  6   397.0   4.33   1.50   8.6
2020  80 23  7   399.6   4.16   1.47   8.8
2020  80 23  8   400.0   4.44   1.57   9.2
2020  80 23  9   397.7   4.63   1.88   9.6
2020  80 23 10   401.1   4.70   1.87  10.0
2020  80 23 11   401.6   4.88   1.85  10.0
2020  80 23 12   398.6   4.79   1.99  10.0
2020  80 23 13   395.9   4.60   1.87   9.8
2020  80 23 14   397.2   4.45   1.62   9.3
2020  80 23 15   400.7   4.56   1.62   9.4
2020  80 23 16   394.2   4.30   1.55   9.0
2020  80 23 17   399.6   4.40   1.60   9.3
2020  80 23 18   394.9   4.43   1.74   9.2
2020  80 23 19   394.2   4.46   1.64   9.0
2020  80 23 20   392.0   4.39   1.67   9.1
2020  80 23 21   389.7   4.19   1.38   8.2
2020  80 23 22   386.3   4.21   1.45   8.1
2020  80 23 23   383.6   4.32   1.51   8.1
2020  80 23 24   383.0   4.34   1.49   8.0
2020  80 23 25   384.5   4.42   1.49   8.1
2020  80 23 26   384.3   4.42   1.45   8.0
2020  80 23 27   384.5   4.11   1.36   7.5
2020  80 23 28   392.2   4.01   1.27   7.4
2020  80 23 29   400.3   3.84   1.10   7.5
2020  80 23 30   401.8   4.26   1.26   7.8
2020  80 23 31   401.7   4.25   1.22   7.7
2020  80 23 32   399.8   4.03   1.11   7.4
2020  80 23 33   399.8   4.03   1.09   7.3
2020  80 23 34   401.5   4.39   1.35   7.9
2020  80 23 35   401.2   4.38   1.32   7.8
2020  80 23 36   397.1   4.09   1.36   7.5
2020  80 23 37   394.8   4.24   1.34   7.6
2020  80 23 38   391.4   4.46   1.25   7.5
2020  80 23 39   394.1   4.49   1.24   7.5
2020  80 23 40   396.7   4.51   1.30   7.6
2020  80 23 41   396.7   4.51   1.24   7.4
2020  80 23 42   399.2   3.53   0.84   6.6
2020  80 23 43   400.2   3.99   0.98   7.0
2020  80 23 44   401.1   4.43   1.12   7.4
2020  80 23 45 99999.9 999.99 999.99 999.9
2020  80 23 46 99999.9 999.99 999.99 999.9
2020  80 23 47   405.0   4.68   1.28   7.6
2020  80 23 48   404.9   4.70   1.34   7.8
2020  80 23 49   403.4   5.23   1.41   8.1
2020  80 23 50   403.4   5.23   1.35   8.0
2020  80 23 51   403.4   4.46   1.11   7.3
2020  80 23 52   403.4   4.46   1.11   7.3
2020  80 23 53   404.0   4.56   1.31   7.5
2020  80 23 54   403.3   4.52   1.29   7.6
2020  80 23 55   402.0   4.46   1.16   7.5
2020  80 23 56   394.6   5.15   1.55   7.8
2020  80 23 57   393.6   5.25   1.61   7.9
2020  80 23 58   397.5   4.84   1.37   7.5
2020  80 23 59   397.5   4.84   1.37   7.5